# Note: Line fluxes given scaled to redshift z = 3.0and S_1.4mm = 15.0mJy 
# Max contribution from a single source is 1.00 for CCH32 line
# The last several lines give the results for stacking *all* transitions of
# a given molecule - be careful with how you use these values!
# Line 		Nsrc 	I 	dI 	Lline 	dLline 	L'line 	dL'line 	S/N 	Max single contribution 
# --- 		--- 	Jykm/s 	Jykm/s 	Lsun 	Lsun 	Kkm/spc2 	Kkm/spc2 	--- 	---
CO10       	5 	0.717 	0.040 	1.454e+07 	8.074e+05 	2.966e+11 	1.647e+10 	18.00 	0.32
CO21       	10 	3.180 	0.125 	1.290e+08 	5.071e+06 	3.290e+11 	1.293e+10 	25.44 	0.24
CO32       	6 	5.586 	0.129 	3.399e+08 	1.357e+07 	2.569e+11 	1.025e+10 	43.39 	0.53
CO43       	12 	6.921 	0.208 	5.615e+08 	2.917e+07 	1.791e+11 	9.301e+09 	33.34 	0.50
CO54       	10 	12.067 	0.584 	1.224e+09 	1.026e+08 	1.998e+11 	1.675e+10 	20.66 	0.20
CO65       	2 	11.852 	1.541 	1.442e+09 	3.217e+08 	1.363e+11 	3.040e+10 	7.69 	0.53
13CO32     	5 	0.255 	0.071 	1.482e+07 	4.119e+06 	1.282e+10 	3.563e+09 	3.60 	0.39
13CO43     	9 	0.447 	0.104 	3.464e+07 	8.098e+06 	1.264e+10 	2.955e+09 	4.28 	0.57
13CO54     	9 	0.154 	0.323 	1.494e+07 	3.130e+07 	2.792e+09 	5.850e+09 	0.48 	0.25
13CO65     	4 	0.497 	0.470 	5.779e+07 	5.468e+07 	6.252e+09 	5.915e+09 	1.06 	0.47
C18O32     	5 	0.027 	0.074 	1.569e+06 	4.294e+06 	1.373e+09 	3.757e+09 	0.37 	0.39
C18O43     	7 	-0.210 	0.160 	-1.624e+07 	1.233e+07 	-5.994e+09 	4.550e+09 	-1.32 	0.54
C18O54     	9 	0.332 	0.302 	3.202e+07 	2.920e+07 	6.053e+09 	5.520e+09 	1.10 	0.20
C18O65     	4 	0.929 	0.483 	1.076e+08 	5.592e+07 	1.177e+10 	6.118e+09 	1.92 	0.44
CI10       	13 	2.090 	0.162 	1.810e+08 	1.406e+07 	4.745e+10 	3.686e+09 	12.88 	0.56
HCN32      	2 	-0.182 	0.130 	-8.521e+06 	6.062e+06 	-1.417e+10 	1.008e+10 	-1.41 	0.75
HCN43      	6 	0.306 	0.072 	1.907e+07 	4.515e+06 	1.338e+10 	3.167e+09 	4.22 	0.63
HCN54      	9 	0.157 	0.101 	1.223e+07 	7.884e+06 	4.392e+09 	2.832e+09 	1.55 	0.61
HCN65      	10 	0.202 	0.258 	1.887e+07 	2.410e+07 	3.923e+09 	5.010e+09 	0.78 	0.20
HCN76      	7 	0.504 	0.490 	5.506e+07 	5.344e+07 	7.209e+09 	6.997e+09 	1.03 	0.23
HCN87      	2 	2.348 	0.937 	2.929e+08 	1.169e+08 	2.570e+10 	1.025e+10 	2.51 	0.66
HNC32      	3 	0.029 	0.114 	1.389e+06 	5.467e+06 	2.158e+09 	8.492e+09 	0.25 	0.70
HNC43      	5 	0.388 	0.101 	2.475e+07 	6.453e+06 	1.622e+10 	4.229e+09 	3.84 	0.53
HNC54      	10 	0.584 	0.161 	4.663e+07 	1.281e+07 	1.561e+10 	4.290e+09 	3.64 	0.45
HNC65      	10 	0.687 	0.276 	6.574e+07 	2.644e+07 	1.277e+10 	5.135e+09 	2.49 	0.21
HNC76      	5 	-0.323 	0.743 	-3.610e+07 	8.301e+07 	-4.416e+09 	1.015e+10 	-0.43 	0.31
HNC87      	2 	-0.310 	0.868 	-3.961e+07 	1.108e+08 	-3.247e+09 	9.079e+09 	-0.36 	0.51
HCO+32     	2 	0.110 	0.124 	5.190e+06 	5.831e+06 	8.468e+09 	9.514e+09 	0.89 	0.77
HCO+43     	6 	0.270 	0.075 	1.698e+07 	4.696e+06 	1.169e+10 	3.233e+09 	3.62 	0.64
HCO+54     	10 	0.109 	0.102 	8.559e+06 	8.031e+06 	3.017e+09 	2.831e+09 	1.07 	0.56
HCO+65     	10 	1.177 	0.252 	1.108e+08 	2.375e+07 	2.261e+10 	4.845e+09 	4.67 	0.21
HCO+76     	7 	1.135 	0.535 	1.247e+08 	5.878e+07 	1.602e+10 	7.553e+09 	2.12 	0.25
HCO+87     	2 	0.709 	0.963 	8.896e+07 	1.209e+08 	7.659e+09 	1.041e+10 	0.74 	0.68
H2O515422  	5 	-0.012 	0.073 	-6.973e+05 	4.172e+06 	-6.339e+08 	3.793e+09 	-0.17 	0.40
H2O414321  	6 	0.184 	0.089 	1.232e+07 	5.953e+06 	7.008e+09 	3.385e+09 	2.07 	0.31
H2O423330  	10 	-0.072 	0.101 	-5.637e+06 	8.000e+06 	-1.959e+09 	2.780e+09 	-0.70 	0.58
H2O533440  	12 	0.336 	0.158 	2.806e+07 	1.319e+07 	8.198e+09 	3.853e+09 	2.13 	0.48
H2O110101  	9 	-0.875 	0.305 	-8.580e+07 	2.990e+07 	-1.552e+10 	5.408e+09 	-2.87 	0.20
H2O211202  	2 	3.228 	0.902 	4.272e+08 	1.194e+08 	3.139e+10 	8.772e+09 	3.58 	0.56
H2O+604    	8 	-0.378 	0.448 	-4.026e+07 	4.770e+07 	-5.690e+09 	6.741e+09 	-0.84 	0.21
H2O+607    	8 	0.133 	0.439 	1.421e+07 	4.689e+07 	1.984e+09 	6.544e+09 	0.30 	0.20
H2O+631    	5 	0.487 	0.610 	5.414e+07 	6.780e+07 	6.712e+09 	8.405e+09 	0.80 	0.35
H2O+634    	5 	0.285 	0.631 	3.176e+07 	7.046e+07 	3.890e+09 	8.629e+09 	0.45 	0.34
H2O+721    	2 	0.690 	0.876 	8.768e+07 	1.113e+08 	7.282e+09 	9.242e+09 	0.79 	0.50
H2O+742    	2 	2.931 	0.892 	3.828e+08 	1.165e+08 	2.927e+10 	8.905e+09 	3.29 	0.57
H2O+746    	2 	2.210 	0.836 	2.903e+08 	1.098e+08 	2.181e+10 	8.247e+09 	2.64 	0.50
H2O+761    	2 	0.726 	1.087 	9.734e+07 	1.457e+08 	6.880e+09 	1.030e+10 	0.67 	0.57
LiH10      	9 	0.021 	0.102 	1.660e+06 	7.987e+06 	5.927e+08 	2.852e+09 	0.21 	0.60
CH532      	10 	0.647 	0.253 	6.069e+07 	2.370e+07 	1.255e+10 	4.899e+09 	2.56 	0.19
CH536      	10 	0.505 	0.250 	4.774e+07 	2.359e+07 	9.646e+09 	4.768e+09 	2.02 	0.18
OH425      	8 	-0.054 	0.096 	-4.067e+06 	7.189e+06 	-1.655e+09 	2.926e+09 	-0.57 	0.55
OH446      	10 	0.183 	0.102 	1.434e+07 	7.998e+06 	5.042e+09 	2.812e+09 	1.79 	0.56
CN32       	5 	0.240 	0.074 	1.434e+07 	4.404e+06 	1.138e+10 	3.494e+09 	3.26 	0.52
CN43       	10 	0.339 	0.109 	2.705e+07 	8.668e+06 	9.058e+09 	2.902e+09 	3.12 	0.45
CN54       	11 	0.351 	0.303 	3.498e+07 	3.019e+07 	5.999e+09 	5.177e+09 	1.16 	0.15
CN65       	2 	-1.379 	0.501 	-1.651e+08 	5.999e+07 	-1.639e+10 	5.955e+09 	-2.75 	0.53
SiO76      	4 	-0.043 	0.067 	-2.301e+06 	3.602e+06 	-2.561e+09 	4.009e+09 	-0.64 	0.41
SiO87      	6 	-0.111 	0.078 	-6.799e+06 	4.776e+06 	-5.071e+09 	3.562e+09 	-1.42 	0.56
SiO98      	7 	-0.135 	0.110 	-9.266e+06 	7.594e+06 	-4.854e+09 	3.978e+09 	-1.22 	0.44
SiO109     	8 	-0.001 	0.098 	-1.111e+05 	7.453e+06 	-4.245e+07 	2.847e+09 	-0.01 	0.56
SiO1110    	11 	-0.139 	0.157 	-1.169e+07 	1.322e+07 	-3.355e+09 	3.794e+09 	-0.88 	0.51
SiO1211    	11 	0.436 	0.261 	3.992e+07 	2.388e+07 	8.828e+09 	5.281e+09 	1.67 	0.20
SiO1312    	11 	-0.444 	0.304 	-4.407e+07 	3.023e+07 	-7.667e+09 	5.259e+09 	-1.46 	0.16
SiO1413    	8 	0.147 	0.441 	1.577e+07 	4.711e+07 	2.196e+09 	6.563e+09 	0.33 	0.20
SiO1514    	4 	-0.830 	0.460 	-9.507e+07 	5.266e+07 	-1.077e+10 	5.966e+09 	-1.81 	0.40
SiO1615    	2 	0.862 	0.862 	1.054e+08 	1.053e+08 	9.839e+09 	9.829e+09 	1.00 	0.60
SiO1716    	2 	-0.532 	0.940 	-6.905e+07 	1.220e+08 	-5.378e+09 	9.503e+09 	-0.57 	0.54
CS65       	3 	0.020 	0.095 	1.022e+06 	4.911e+06 	1.258e+09 	6.045e+09 	0.21 	0.45
CS76       	5 	0.025 	0.073 	1.502e+06 	4.418e+06 	1.165e+09 	3.425e+09 	0.34 	0.53
CS87       	7 	0.074 	0.103 	5.115e+06 	7.073e+06 	2.657e+09 	3.674e+09 	0.72 	0.43
CS109      	13 	-0.256 	0.153 	-2.202e+07 	1.319e+07 	-5.859e+09 	3.508e+09 	-1.67 	0.50
CS1110     	10 	-0.128 	0.282 	-1.215e+07 	2.678e+07 	-2.429e+09 	5.353e+09 	-0.45 	0.21
CS1211     	10 	0.594 	0.338 	6.139e+07 	3.498e+07 	9.455e+09 	5.387e+09 	1.76 	0.18
CS1312     	5 	1.136 	0.661 	1.272e+08 	7.400e+07 	1.541e+10 	8.966e+09 	1.72 	0.33
CS1413     	2 	-0.095 	0.648 	-1.147e+07 	7.812e+07 	-1.113e+09 	7.581e+09 	-0.15 	0.81
CS1514     	2 	0.129 	0.913 	1.662e+07 	1.180e+08 	1.312e+09 	9.315e+09 	0.14 	0.52
NH3100000  	10 	0.320 	0.350 	3.227e+07 	3.529e+07 	5.374e+09 	5.877e+09 	0.91 	0.19
N2H+32     	2 	-0.316 	0.152 	-1.552e+07 	7.465e+06 	-2.221e+10 	1.068e+10 	-2.08 	0.78
N2H+43     	5 	-0.045 	0.090 	-2.969e+06 	5.895e+06 	-1.792e+09 	3.559e+09 	-0.50 	0.40
N2H+54     	10 	0.030 	0.131 	2.443e+06 	1.074e+07 	7.552e+08 	3.321e+09 	0.23 	0.57
N2H+65     	9 	0.088 	0.296 	8.664e+06 	2.908e+07 	1.550e+09 	5.203e+09 	0.30 	0.22
N2H+76     	4 	-0.292 	0.464 	-3.352e+07 	5.325e+07 	-3.778e+09 	6.001e+09 	-0.63 	0.40
N2H+87     	2 	0.911 	0.986 	1.195e+08 	1.293e+08 	9.025e+09 	9.765e+09 	0.92 	0.72
CCH32      	1 	0.475 	0.241 	2.191e+07 	1.110e+07 	3.807e+10 	1.929e+10 	1.97 	1.00
CCH43      	6 	0.159 	0.074 	9.797e+06 	4.557e+06 	7.182e+09 	3.340e+09 	2.15 	0.57
CCH54      	7 	0.174 	0.102 	1.334e+07 	7.807e+06 	5.007e+09 	2.930e+09 	1.71 	0.66
CCH65      	11 	0.696 	0.260 	6.421e+07 	2.399e+07 	1.395e+10 	5.211e+09 	2.68 	0.20
CCH76      	7 	0.967 	0.457 	1.040e+08 	4.917e+07 	1.423e+10 	6.727e+09 	2.11 	0.19
CCH87      	2 	-0.353 	0.932 	-4.336e+07 	1.145e+08 	-3.975e+09 	1.050e+10 	-0.38 	0.68
H21alpha   	4 	-0.352 	0.486 	-4.103e+07 	5.660e+07 	-4.411e+09 	6.086e+09 	-0.72 	0.49
H22alpha   	10 	-0.046 	0.334 	-4.655e+06 	3.394e+07 	-7.538e+08 	5.496e+09 	-0.14 	0.20
H23alpha   	11 	-0.287 	0.251 	-2.564e+07 	2.236e+07 	-6.141e+09 	5.357e+09 	-1.15 	0.36
H24alpha   	10 	0.030 	0.102 	2.374e+06 	8.050e+06 	8.275e+08 	2.806e+09 	0.29 	0.56
H25alpha   	7 	-0.109 	0.102 	-7.628e+06 	7.095e+06 	-3.812e+09 	3.546e+09 	-1.08 	0.32
H26alpha   	6 	-0.024 	0.073 	-1.468e+06 	4.529e+06 	-1.037e+09 	3.201e+09 	-0.32 	0.62
H27alpha   	4 	-0.026 	0.069 	-1.425e+06 	3.861e+06 	-1.405e+09 	3.809e+09 	-0.37 	0.37
H28alpha   	3 	-0.044 	0.113 	-2.196e+06 	5.650e+06 	-2.987e+09 	7.687e+09 	-0.39 	0.44
CO??       	30 	6.201 	0.107 	3.928e+08 	1.213e+07 	2.093e+11 	6.223e+09 	58.10 	0.37
13CO??     	27 	0.313 	0.058 	1.911e+07 	3.666e+06 	1.062e+10 	2.002e+09 	5.43 	0.25
C18O??     	26 	0.015 	0.064 	7.346e+05 	3.951e+06 	1.213e+09 	2.320e+09 	0.23 	0.30
HCN??      	36 	0.190 	0.053 	1.017e+07 	3.289e+06 	7.473e+09 	1.826e+09 	3.61 	0.32
HNC??      	35 	0.318 	0.066 	1.606e+07 	3.933e+06 	1.209e+10 	2.293e+09 	4.83 	0.23
HCO+??     	37 	0.250 	0.053 	1.407e+07 	3.297e+06 	9.779e+09 	1.832e+09 	4.72 	0.32
CS*        	57 	0.020 	0.046 	1.274e+06 	2.875e+06 	7.582e+08 	1.620e+09 	0.43 	0.21
H2O+???    	34 	0.455 	0.222 	4.426e+07 	2.500e+07 	7.502e+09 	2.867e+09 	2.05 	0.05
CH???      	20 	0.589 	0.178 	5.544e+07 	1.677e+07 	1.132e+10 	3.427e+09 	3.31 	0.09
OH???      	18 	0.056 	0.070 	4.089e+06 	5.343e+06 	1.800e+09 	2.029e+09 	0.81 	0.29
CN??       	28 	0.303 	0.063 	1.885e+07 	4.015e+06 	8.952e+09 	2.123e+09 	4.84 	0.38
SiO*       	75 	-0.073 	0.038 	-4.406e+06 	2.378e+06 	-2.419e+09 	1.351e+09 	-1.89 	0.14
N2H+??     	34 	-0.051 	0.059 	-2.774e+06 	3.160e+06 	-7.261e+08 	1.976e+09 	-0.87 	0.17
H??alpha   	56 	-0.042 	0.038 	-2.352e+06 	2.297e+06 	-1.784e+09 	1.446e+09 	-1.10 	0.16
CCH*       	34 	0.220 	0.057 	1.383e+07 	3.672e+06 	7.822e+09 	1.914e+09 	3.89 	0.33
H2CO*      	56 	0.055 	0.032 	3.348e+06 	1.906e+06 	1.812e+09 	1.344e+09 	1.70 	0.11
HC3N*      	249 	-0.017 	0.022 	-4.481e+05 	1.328e+06 	-1.539e+09 	7.730e+08 	-0.76 	0.04
