# nu	S_nu	dS_nu	Nsource
# GHz	mJy	mJy	---
240.00	nan	nan	0
240.40	nan	nan	0
240.80	nan	nan	0
241.20	nan	nan	0
241.61	nan	nan	0
242.01	nan	nan	0
242.41	nan	nan	0
242.82	nan	nan	0
243.22	nan	nan	0
243.63	nan	nan	0
244.03	nan	nan	0
244.44	nan	nan	0
244.85	nan	nan	0
245.26	nan	nan	0
245.67	nan	nan	0
246.07	nan	nan	0
246.49	nan	nan	0
246.90	nan	nan	0
247.31	nan	nan	0
247.72	nan	nan	0
248.13	nan	nan	0
248.55	nan	nan	0
248.96	nan	nan	0
249.38	nan	nan	0
249.79	nan	nan	0
250.21	nan	nan	0
250.63	nan	nan	0
251.05	nan	nan	0
251.46	nan	nan	0
251.88	nan	nan	0
252.30	nan	nan	0
252.72	nan	nan	0
253.15	nan	nan	0
253.57	-0.1971	0.5525	1
253.99	0.2266	0.4116	1
254.41	0.2232	0.4138	1
254.84	-0.1341	0.4200	1
255.26	0.4787	0.4195	1
255.69	-0.3638	0.4215	1
256.12	0.2936	0.4238	1
256.54	-0.0045	0.4214	1
256.97	0.5332	0.4175	1
257.40	0.0253	0.4119	1
257.83	0.2041	0.4124	1
258.26	0.0023	0.4091	1
258.69	-0.6651	0.4060	1
259.12	-0.0658	0.4134	1
259.55	-0.1983	0.4078	1
259.99	-0.1691	0.4026	1
260.42	-0.0318	0.3913	1
260.85	-0.0688	0.3880	1
261.29	0.0341	0.3919	1
261.72	0.5148	0.3904	1
262.16	0.3464	0.3984	1
262.60	0.3940	0.4019	1
263.04	0.1946	0.2831	2
263.48	0.2962	0.2186	2
263.91	0.0577	0.2198	2
264.35	0.0708	0.2198	2
264.80	0.0181	0.2237	2
265.24	0.0124	0.2230	2
265.68	-0.0503	0.2247	2
266.12	-0.2321	0.2244	2
266.57	0.2931	0.2227	2
267.01	0.0667	0.2223	2
267.46	0.0053	0.2196	2
267.90	0.1248	0.2177	2
268.35	0.3326	0.2180	2
268.80	0.1102	0.2182	2
269.25	0.0384	0.2167	2
269.69	0.2823	0.2127	2
270.14	-0.1603	0.2106	2
270.59	-0.2498	0.2094	2
271.05	0.3920	0.2088	2
271.50	-0.0522	0.2084	2
271.95	-0.0445	0.2120	2
272.40	-0.1054	0.1813	3
272.86	-0.1140	0.1721	3
273.31	0.2062	0.1735	3
273.77	0.0907	0.1743	3
274.23	-0.0093	0.1760	3
274.68	0.0140	0.1856	3
275.14	0.1105	0.1902	3
275.60	-0.1337	0.1914	3
276.06	0.1366	0.1965	3
276.52	0.0918	0.1970	3
276.98	-0.3326	0.1966	3
277.44	0.0869	0.1959	3
277.91	0.0761	0.1949	3
278.37	-0.1304	0.1936	3
278.83	-0.0429	0.1929	3
279.30	-0.3109	0.1903	3
279.77	-0.2229	0.1895	3
280.23	0.2934	0.1881	3
280.70	-0.2473	0.1911	3
281.17	0.0148	0.1901	3
281.64	0.1212	0.1906	3
282.11	0.0501	0.1914	3
282.58	-0.2821	0.1916	3
283.05	0.2872	0.1917	3
283.52	-0.1450	0.1908	3
283.99	0.1475	0.1917	3
284.47	-0.0728	0.2029	3
284.94	-0.1043	0.2056	3
285.42	-0.2859	0.2083	3
285.89	-0.0738	0.2097	3
286.37	0.1278	0.2096	3
286.85	0.2540	0.1944	3
287.32	0.0623	0.1925	3
287.80	-0.1100	0.1893	3
288.28	0.0523	0.1897	3
288.76	0.2086	0.1905	3
289.25	-0.1783	0.1897	3
289.73	-0.3069	0.1799	3
290.21	-0.1566	0.1714	3
290.70	-0.0163	0.1717	3
291.18	-0.0064	0.1715	3
291.67	0.1354	0.1712	3
292.15	-0.0423	0.1719	3
292.64	-0.3263	0.1713	3
293.13	-0.0044	0.1707	3
293.62	0.0636	0.1688	3
294.11	0.0296	0.1667	3
294.60	-0.0285	0.1678	3
295.09	-0.2813	0.1694	3
295.58	0.0235	0.1698	3
296.07	0.3156	0.1582	4
296.57	0.0124	0.1463	4
297.06	-0.1125	0.1425	4
297.56	-0.0213	0.1435	4
298.05	-0.0212	0.1470	4
298.55	-0.1111	0.1482	4
299.05	-0.1668	0.1439	4
299.55	0.1105	0.1434	4
300.05	-0.1868	0.1427	4
300.55	-0.0025	0.1353	4
301.05	-0.0806	0.1253	4
301.55	0.2467	0.1252	4
302.05	0.1925	0.1238	4
302.56	0.1543	0.1239	4
303.06	-0.1251	0.1219	4
303.57	-0.0439	0.1211	4
304.07	-0.0501	0.1206	4
304.58	0.1512	0.1195	4
305.09	-0.0783	0.1200	4
305.60	0.2183	0.1210	4
306.11	-0.0964	0.1219	4
306.62	-0.0713	0.1219	4
307.13	-0.0826	0.1215	4
307.64	-0.1266	0.1233	4
308.16	0.0658	0.1248	4
308.67	0.0087	0.1292	4
309.18	0.1343	0.1306	4
309.70	-0.0138	0.1302	4
310.22	-0.0130	0.1316	4
310.73	-0.1670	0.1318	4
311.25	-0.0508	0.1239	4
311.77	-0.0646	0.1211	4
312.29	0.0489	0.1267	4
312.81	-0.0016	0.1272	4
313.33	-0.1478	0.1258	4
313.86	0.0922	0.1240	4
314.38	-0.0350	0.1221	4
314.90	0.1846	0.1225	4
315.43	-0.1348	0.1230	4
315.96	-0.1373	0.1253	4
316.48	-0.1112	0.1260	4
317.01	0.3087	0.1252	4
317.54	0.0408	0.1251	4
318.07	0.1056	0.1255	4
318.60	0.0622	0.1209	5
319.13	-0.1129	0.1204	5
319.66	0.0985	0.1223	5
320.20	-0.0609	0.1247	5
320.73	-0.2318	0.1258	5
321.26	-0.1785	0.1235	5
321.80	-0.1534	0.1364	5
322.34	-0.2183	0.1373	5
322.87	0.1014	0.1363	5
323.41	-0.0847	0.1393	5
323.95	-0.2327	0.1381	5
324.49	-0.1182	0.1357	5
325.03	-0.0493	0.1343	5
325.58	-0.0298	0.1331	5
326.12	0.0238	0.1315	5
326.66	-0.0419	0.1306	5
327.21	0.0270	0.1318	5
327.75	0.2539	0.1328	5
328.30	0.0374	0.1339	5
328.85	0.1424	0.1369	5
329.40	0.0494	0.1359	5
329.95	-0.1564	0.1330	5
330.50	0.3204	0.1319	5
331.05	0.0619	0.1323	5
331.60	-0.2343	0.1342	5
332.15	-0.2032	0.1351	5
332.71	-0.1644	0.1409	5
333.26	0.2630	0.1564	5
333.82	-0.0646	0.1577	5
334.37	-0.1767	0.1575	5
334.93	0.1534	0.1557	5
335.49	-0.3577	0.1561	5
336.05	0.2601	0.1569	5
336.61	0.1158	0.1561	5
337.17	-0.0521	0.1553	5
337.73	0.0616	0.1546	5
338.30	-0.1564	0.1461	5
338.86	-0.0927	0.1372	5
339.43	-0.0422	0.1368	5
339.99	0.2087	0.1372	5
340.56	0.3557	0.1367	5
341.13	0.0575	0.1363	5
341.70	-0.0933	0.1353	5
342.27	-0.2416	0.1355	5
342.84	0.0851	0.1359	5
343.41	-0.0954	0.1370	5
343.98	0.1363	0.1395	5
344.56	-0.0712	0.1399	6
345.13	0.2027	0.1359	6
345.71	5.4879	0.1367	6
346.28	5.8340	0.1410	6
346.86	0.1178	0.1420	5
347.44	-0.0479	0.1450	5
348.02	-0.1705	0.1455	6
348.60	0.1253	0.1467	6
349.18	0.2556	0.1406	6
349.76	0.1966	0.1393	6
350.35	-0.0398	0.1390	6
350.93	0.1253	0.1401	6
351.51	-0.0680	0.1408	6
352.10	0.1634	0.1411	6
352.69	-0.0014	0.1423	6
353.28	-0.2435	0.1401	6
353.87	0.0341	0.1379	6
354.46	0.4148	0.1373	6
355.05	0.2098	0.1389	6
355.64	0.0631	0.1421	6
356.23	0.0061	0.1435	6
356.83	0.4351	0.1442	6
357.42	0.0527	0.1446	6
358.02	-0.2512	0.1473	6
358.62	-0.0423	0.1434	6
359.21	-0.0630	0.1484	6
359.81	-0.0453	0.1500	5
360.41	-0.1083	0.1512	5
361.01	-0.0022	0.1536	5
361.62	-0.1567	0.1551	5
362.22	0.1238	0.1892	5
362.82	0.6360	0.1918	5
363.43	0.1498	0.1918	5
364.03	0.1789	0.1845	5
364.64	-0.0008	0.1891	5
365.25	0.4365	0.1920	5
365.86	-0.1699	0.1901	5
366.47	-0.2480	0.1892	5
367.08	-0.1359	0.1880	5
367.69	-0.0678	0.1898	5
368.31	-0.0049	0.1795	6
368.92	0.0312	0.1812	6
369.53	-0.1311	0.1830	6
370.15	-0.1293	0.1858	6
370.77	-0.0952	0.1689	7
371.39	-0.2043	0.1660	7
372.01	-0.0024	0.1721	6
372.63	0.0622	0.1730	6
373.25	-0.2690	0.1756	6
373.87	0.1417	0.1770	6
374.49	-0.1944	0.1796	6
375.12	0.1796	0.1797	6
375.74	0.1914	0.1716	6
376.37	-0.0194	0.1703	6
377.00	0.1663	0.1704	6
377.63	0.0544	0.1749	6
378.26	-0.1597	0.1795	6
378.89	0.1988	0.1783	6
379.52	0.0200	0.1773	6
380.15	0.4949	0.1747	6
380.79	0.0605	0.1725	6
381.42	-0.0053	0.1712	6
382.06	0.1597	0.1734	6
382.70	0.1142	0.1742	6
383.33	-0.3926	0.1767	6
383.97	-0.1060	0.1786	6
384.61	-0.0460	0.1825	6
385.26	-0.1523	0.1811	6
385.90	-0.0755	0.1811	6
386.54	0.1909	0.1833	6
387.19	-0.3067	0.1895	7
387.83	0.1976	0.1896	7
388.48	0.2596	0.1907	7
389.13	0.0822	0.1993	7
389.78	0.2081	0.2103	7
390.43	0.0983	0.2080	7
391.08	-0.1518	0.2029	7
391.73	-0.0370	0.1990	7
392.38	0.0952	0.2005	7
393.04	0.0883	0.1996	7
393.69	-0.3097	0.1969	7
394.35	0.0374	0.1907	7
395.01	0.2328	0.1922	7
395.67	0.0701	0.1935	7
396.33	-0.2116	0.1946	7
396.99	-0.1786	0.1964	7
397.65	-0.2029	0.1947	7
398.31	0.0591	0.1944	7
398.98	-0.1461	0.1961	7
399.64	0.1591	0.1970	7
400.31	-0.2357	0.2005	7
400.98	-0.0313	0.2004	8
401.64	-0.0069	0.1994	8
402.31	0.1453	0.2013	8
402.99	0.0224	0.2040	8
403.66	0.1509	0.2013	8
404.33	-0.1682	0.2162	8
405.00	-0.4652	0.2173	7
405.68	-0.3819	0.2171	7
406.36	0.0204	0.2147	7
407.03	-0.4891	0.2142	7
407.71	-0.2963	0.2144	7
408.39	0.1004	0.2129	7
409.07	-0.1075	0.2135	7
409.76	0.3393	0.2135	7
410.44	-0.2085	0.2124	7
411.12	-0.0879	0.2109	7
411.81	-0.2652	0.2105	7
412.50	-0.0362	0.2097	7
413.19	0.1020	0.2098	7
413.87	0.0525	0.2100	7
414.56	-0.1923	0.2097	7
415.26	0.5319	0.2101	7
415.95	-0.1194	0.2098	7
416.64	0.2841	0.2143	7
417.34	0.0525	0.2170	7
418.03	0.0213	0.2155	8
418.73	-0.2771	0.2179	8
419.43	0.0556	0.2224	8
420.13	0.1187	0.2326	8
420.83	-0.1601	0.2086	8
421.53	0.1525	0.2208	8
422.23	0.1036	0.2231	8
422.94	-0.2657	0.2215	8
423.64	-0.0095	0.1932	8
424.35	0.0350	0.1903	8
425.06	-0.1652	0.1916	8
425.77	-0.0035	0.1911	8
426.48	-0.1284	0.1909	8
427.19	-0.2629	0.1907	8
427.90	0.1377	0.1898	8
428.61	-0.0393	0.1899	8
429.33	0.3371	0.1894	8
430.05	0.1846	0.1917	8
430.76	-0.1336	0.1940	8
431.48	-0.2168	0.1949	8
432.20	-0.0604	0.1942	8
432.92	0.0795	0.1955	8
433.64	-0.1287	0.1941	8
434.37	0.0013	0.1957	8
435.09	0.2581	0.2002	7
435.82	0.2570	0.2033	7
436.54	0.3366	0.2034	7
437.27	0.2973	0.1994	7
438.00	0.0075	0.1997	7
438.73	-0.1980	0.1999	7
439.46	0.1700	0.2020	7
440.20	-0.0599	0.2114	8
440.93	0.7218	0.2092	9
441.67	0.2194	0.2091	9
442.40	-0.4141	0.2043	9
443.14	0.3730	0.2034	9
443.88	0.3618	0.2026	9
444.62	-0.0876	0.2068	9
445.36	-0.1987	0.2059	9
446.10	0.0968	0.2046	10
446.85	0.2337	0.2037	10
447.59	-0.0336	0.2093	10
448.34	-0.0711	0.2050	10
449.09	-0.2275	0.2028	10
449.84	0.0824	0.2130	10
450.59	-0.3688	0.2228	10
451.34	0.1727	0.2243	10
452.09	0.0769	0.2256	10
452.85	0.4702	0.2468	10
453.60	0.9002	0.2686	10
454.36	0.2931	0.2685	10
455.11	0.0978	0.2636	10
455.87	-0.3039	0.2595	10
456.63	-0.1404	0.2453	10
457.40	-0.4048	0.2447	10
458.16	-0.0341	0.2422	11
458.92	-0.2276	0.2393	11
459.69	-0.2144	0.2388	11
460.45	1.1920	0.2401	11
461.22	10.2737	0.2398	12
461.99	3.7381	0.2376	12
462.76	-0.0789	0.2412	12
463.53	-0.3366	0.2442	12
464.31	-0.1681	0.2460	12
465.08	-0.1554	0.2449	12
465.86	0.0344	0.2468	12
466.63	-0.0053	0.2482	12
467.41	0.0350	0.2508	12
468.19	-0.1605	0.2540	12
468.97	-0.1171	0.2569	13
469.76	-0.1810	0.2663	13
470.54	-0.2266	0.2734	13
471.32	-0.3897	0.2783	12
472.11	-0.3886	0.2811	12
472.90	0.0458	0.2994	12
473.69	-0.5199	0.3105	12
474.48	0.2059	0.3128	12
475.27	0.8376	0.3155	11
476.06	-0.0395	0.3178	11
476.85	0.5961	0.3186	11
477.65	0.1611	0.3111	11
478.45	0.3842	0.3102	11
479.24	0.0895	0.3138	11
480.04	0.4597	0.3153	11
480.84	0.6324	0.3161	11
481.65	0.4769	0.3120	11
482.45	0.1081	0.3160	11
483.25	0.0804	0.3167	11
484.06	0.1169	0.3207	11
484.87	0.0493	0.3237	11
485.68	0.1135	0.3223	12
486.49	-0.0031	0.3129	12
487.30	0.2361	0.3145	12
488.11	0.2040	0.3212	13
488.92	0.2505	0.3129	13
489.74	-0.0683	0.3043	13
490.56	-0.4022	0.3104	13
491.37	-0.2455	0.3128	13
492.19	3.8173	0.3137	13
493.01	2.3452	0.3147	13
493.84	0.5259	0.3190	13
494.66	-0.2425	0.3199	13
495.49	-0.0470	0.3270	13
496.31	0.2825	0.3338	13
497.14	0.0262	0.3409	13
497.97	-0.0524	0.3418	13
498.80	-0.4508	0.3455	13
499.63	-0.0202	0.3483	13
500.46	-0.4435	0.3549	13
501.30	-0.3164	0.3643	13
502.14	-0.3588	0.3835	13
502.97	-0.0381	0.4053	12
503.81	-0.2558	0.3974	12
504.65	-0.2675	0.3997	12
505.49	-0.6857	0.4184	12
506.34	-0.7870	0.4767	11
507.18	-0.1438	0.4805	11
508.03	-0.2111	0.4845	11
508.87	0.2147	0.4883	11
509.72	0.5497	0.4817	11
510.57	-0.0189	0.4929	11
511.42	0.0375	0.5011	11
512.28	1.1270	0.4979	11
513.13	-0.2467	0.4963	11
513.99	-0.4128	0.4942	11
514.84	0.3056	0.4959	11
515.70	0.5313	0.4989	11
516.56	-0.3717	0.4998	11
517.43	0.3742	0.4999	11
518.29	-0.5590	0.5056	11
519.15	0.0321	0.5004	11
520.02	0.5491	0.4899	11
520.89	0.4115	0.4922	11
521.75	-0.0132	0.4953	11
522.62	0.3330	0.5089	11
523.50	0.4946	0.4946	11
524.37	0.9731	0.4909	11
525.24	-0.4616	0.4887	11
526.12	0.0086	0.4756	11
527.00	-0.7002	0.4708	11
527.88	-1.2545	0.4621	11
528.76	0.2456	0.4769	11
529.64	-0.7145	0.4763	10
530.52	-0.9912	0.4670	10
531.41	0.2200	0.4744	10
532.29	0.4104	0.4673	10
533.18	0.7159	0.4659	10
534.07	0.0965	0.4613	10
534.96	1.0395	0.4637	10
535.85	1.0226	0.4668	10
536.75	1.0179	0.4647	10
537.64	-0.0268	0.4685	10
538.54	-0.2136	0.4871	10
539.44	-0.3817	0.5118	10
540.34	-0.1558	0.4948	10
541.24	-0.1484	0.4981	10
542.14	-0.5119	0.5069	10
543.04	0.1205	0.5187	10
543.95	0.5273	0.5115	10
544.86	0.5653	0.5109	10
545.77	0.5973	0.5371	10
546.68	0.1255	0.5366	10
547.59	-0.6566	0.5471	10
548.50	0.2534	0.5492	9
549.42	0.5821	0.5642	9
550.33	0.0385	0.5782	9
551.25	0.2425	0.5760	9
552.17	-1.0095	0.5703	9
553.09	0.6574	0.5569	9
554.01	-0.6243	0.5633	9
554.94	0.2460	0.5562	9
555.86	-0.2195	0.5507	9
556.79	-1.5712	0.5655	9
557.72	-1.5110	0.5684	9
558.65	-1.1711	0.5445	9
559.58	-0.2801	0.5514	9
560.51	-0.6788	0.5539	10
561.45	-0.4896	0.5395	10
562.38	0.0316	0.5412	10
563.32	-0.1304	0.5498	10
564.26	-0.8215	0.5766	11
565.20	-1.1164	0.5668	11
566.15	0.1047	0.5684	11
567.09	0.3080	0.5680	11
568.04	-0.2681	0.5764	11
568.98	-0.1759	0.5858	11
569.93	0.0418	0.5894	11
570.88	-0.3108	0.6075	10
571.84	-1.6505	0.6130	10
572.79	0.2305	0.6040	10
573.74	0.2218	0.6173	10
574.70	-0.1667	0.6189	10
575.66	2.9881	0.6122	10
576.62	18.2295	0.6217	10
577.58	3.7263	0.6271	10
578.54	-1.2681	0.6242	10
579.51	-0.4037	0.6288	10
580.48	0.0301	0.6338	10
581.44	-0.1196	0.6252	10
582.41	0.3234	0.6135	10
583.39	-0.5722	0.6132	10
584.36	0.6448	0.6196	10
585.33	-0.2261	0.6217	10
586.31	-0.2262	0.6238	10
587.29	0.8364	0.6329	10
588.27	0.8011	0.6319	10
589.25	1.0421	0.6313	10
590.23	-0.6383	0.6334	10
591.21	-0.6092	0.6362	10
592.20	0.0004	0.6355	10
593.19	0.0227	0.6398	10
594.18	-0.7861	0.6729	10
595.17	-0.2323	0.6854	10
596.16	0.4772	0.6926	10
597.16	1.1273	0.7331	10
598.15	-0.8150	0.7718	10
599.15	0.0964	0.7694	10
600.15	-0.7307	0.7686	10
601.15	0.6874	0.8009	10
602.15	0.8951	0.8222	8
603.16	0.6737	0.8311	8
604.16	-0.4563	0.8279	8
605.17	-0.8803	0.8048	8
606.18	-0.0969	0.8047	8
607.19	0.5561	0.8167	8
608.20	0.9457	0.8197	8
609.22	0.8672	0.8449	8
610.23	-0.4156	0.8383	7
611.25	1.8170	0.8486	7
612.27	1.5695	0.8481	7
613.29	-0.9412	0.8462	7
614.31	0.8116	0.8729	7
615.34	0.6096	0.8920	7
616.37	-0.5648	0.9037	7
617.39	-1.4111	0.9175	7
618.42	-1.5312	0.9311	7
619.45	0.1873	0.9236	7
620.49	0.5892	0.9163	7
621.52	1.6546	0.9238	7
622.56	0.4103	0.9316	7
623.60	-0.2929	0.9804	7
624.64	1.7666	1.0048	7
625.68	0.6693	1.0414	6
626.72	0.5142	1.0469	6
627.77	0.8816	1.0515	6
628.82	-0.0702	1.0585	6
629.86	-2.3041	1.1321	6
630.91	-0.3569	1.1571	5
631.97	0.1805	1.1678	5
633.02	-1.9864	1.1932	5
634.08	1.4658	1.2041	5
635.13	-0.1066	1.2321	5
636.19	0.8246	1.2444	5
637.25	1.8004	1.2547	5
638.32	0.4384	1.2665	5
639.38	-0.9168	1.2730	5
640.45	1.1441	1.1981	5
641.52	0.5302	1.0562	4
642.59	0.5154	1.0213	4
643.66	0.8670	1.0195	4
644.73	0.8930	0.9590	4
645.81	-0.2728	0.8924	4
646.88	0.8716	0.8864	4
647.96	-0.7231	0.8869	4
649.04	2.0521	0.8819	4
650.13	-0.8475	0.8834	4
651.21	-1.0970	0.8904	4
652.30	-0.4606	0.9010	4
653.38	1.8005	0.8947	4
654.47	-1.3406	0.8998	4
655.57	-0.4721	0.9165	4
656.66	-0.1193	0.9261	4
657.75	-0.2908	0.9275	4
658.85	1.4969	0.9353	4
659.95	1.9714	0.9562	4
661.05	1.4355	0.9208	4
662.15	1.0134	0.9245	4
663.26	0.1369	0.9512	4
664.36	0.3990	0.9737	3
665.47	0.7745	0.9507	3
666.58	2.1739	0.9668	3
667.69	0.9108	0.9794	2
668.81	-0.5231	0.9750	2
669.92	-0.7558	0.9845	2
671.04	0.5447	0.9856	2
672.16	0.2815	0.9832	2
673.28	-0.2907	0.9839	2
674.40	1.4561	0.9762	2
675.53	0.2666	0.9719	2
676.65	1.5375	0.9780	2
677.78	-0.2446	0.9978	2
678.91	-0.4342	0.9698	2
680.05	0.0327	0.9690	2
681.18	-0.8833	0.9846	2
682.32	-0.2314	0.9988	2
683.45	0.4596	0.9787	2
684.59	-0.7476	0.9879	2
685.74	0.5064	1.1250	2
686.88	0.8821	1.1584	2
688.02	0.2062	1.1622	2
689.17	0.3178	1.1795	2
690.32	1.6182	1.4942	2
691.47	14.2649	1.5405	2
692.63	9.4018	1.5308	2
693.78	1.3080	1.5093	2
694.94	0.6218	1.7183	2
696.10	0.4885	1.7970	2
697.26	-1.8041	1.7883	2
698.42	-1.2274	1.7942	2
699.59	-2.4352	1.7870	2
700.75	-2.2264	1.8173	2
701.92	-1.6492	1.8273	2
703.09	-3.8114	1.8087	2
704.27	-0.9155	1.7800	2
705.44	0.4831	1.7851	2
706.62	0.9591	1.7980	2
707.79	-1.8268	1.8245	2
708.98	2.4081	1.8243	2
710.16	1.7219	1.8464	2
711.34	-0.3797	1.8488	2
712.53	-1.1172	1.8594	2
713.72	2.1674	1.8681	2
714.91	-1.0988	1.9242	2
716.10	1.5825	1.9922	2
717.29	0.6899	1.9734	2
718.49	-0.7799	1.9930	2
719.69	0.1125	1.9544	2
720.89	-0.5276	1.7054	2
722.09	1.1690	1.6969	2
723.30	-1.4591	1.7077	2
724.50	0.3349	1.7028	2
725.71	-0.4802	1.6934	2
726.92	0.9075	1.7060	2
728.13	1.6532	1.7096	2
729.35	-1.0396	1.7260	2
730.56	-1.1585	1.7422	2
731.78	-0.8665	1.7549	2
733.00	1.0050	1.7679	2
734.23	-0.5988	1.7809	2
735.45	-1.5133	1.7701	2
736.68	-4.0426	1.7878	2
737.91	-2.1766	1.8253	2
739.14	-0.5640	1.8155	2
740.37	-2.0893	1.7651	2
741.60	1.9259	1.6806	2
742.84	4.4543	1.7414	2
744.08	2.2375	1.7030	2
745.32	-0.4481	1.6487	2
746.56	3.0970	1.6048	2
747.81	1.8187	1.6313	2
749.06	-3.0336	1.6477	2
750.30	0.3588	1.6748	2
751.56	1.8180	1.7075	2
752.81	6.8432	1.7466	2
754.07	2.3874	1.7526	2
755.32	0.3056	1.8063	2
756.58	-1.2397	1.8772	2
757.84	-0.3630	1.9318	2
759.11	1.2188	1.9537	2
760.37	0.1425	2.0066	2
761.64	3.0245	2.0807	2
762.91	2.8350	2.1489	2
764.19	4.4704	2.2417	2
765.46	1.5391	2.7976	2
766.74	1.2844	3.1258	1
768.02	-1.2048	3.1446	1
769.30	-1.8033	3.2780	1
770.58	3.8913	9.7707	1
771.86	nan	nan	0
773.15	nan	nan	0
774.44	nan	nan	0
775.73	nan	nan	0
777.03	nan	nan	0
778.32	nan	nan	0
779.62	nan	nan	0
