#title: Spectral profile - SPT2319-55_OHdv75.image-raster
#region (world): Ellipse[[23:19:21.768, -55d57m58.619], [23:19:21.57, -55d57m56.954]]
#region (pixel): Ellipse[[182, 183], [215, 216]]
#coordinate: world
#xLabel: frequency [GHz]
#yLabel: [Jy] Flux Density

# SPT2319-55_OHdv75.image-raster
4.015104064941e+02 5.343669382229e-02
4.014104614258e+02 5.200430544859e-02
4.013105163574e+02 5.480575058897e-02
4.012105407715e+02 4.982846306008e-02
4.011105957031e+02 4.986433647487e-02
4.010106506348e+02 5.368697612177e-02
4.009106750488e+02 5.104402403091e-02
4.008107299805e+02 5.153101593636e-02
4.007107849121e+02 5.194364794449e-02
4.006108093262e+02 4.998171090062e-02
4.005108642578e+02 5.516048311925e-02
4.004109191895e+02 5.015921640221e-02
4.003109436035e+02 4.877709811147e-02
4.002109985352e+02 4.774960172477e-02
4.001110534668e+02 4.358695046504e-02
4.000110778809e+02 4.535189271806e-02
3.999111328125e+02 4.614068441202e-02
3.998111877441e+02 4.451719114033e-02
3.997112121582e+02 4.511834168158e-02
3.996112670898e+02 4.072816279264e-02
3.995113220215e+02 4.527084184141e-02
3.994113464355e+02 4.159039885654e-02
3.993114013672e+02 3.701619133337e-02
3.992114562988e+02 3.946510120921e-02
3.991114807129e+02 4.150635725709e-02
3.990115356445e+02 4.435053845297e-02
3.989115905762e+02 4.682965691789e-02
3.988116149902e+02 4.255074130938e-02
3.987116699219e+02 4.250041400597e-02
3.986117248535e+02 4.350154320391e-02
3.985117492676e+02 5.090416196372e-02
3.984118041992e+02 4.926733632445e-02
3.983118591309e+02 5.253721105251e-02
3.982118835449e+02 5.497498201181e-02
3.981119384766e+02 5.105316404599e-02
3.980119934082e+02 5.470505402047e-02
