# nu	S_nu		dS_nu		var		Nsource
# GHz	mJy		mJy		mJy		---
240.00	nan		nan		nan		0
240.40	nan		nan		nan		0
240.80	nan		nan		nan		0
241.20	nan		nan		nan		0
241.61	1.2758e-01	3.0154e-01	0.0000e+00	1
242.01	5.4772e-01	2.5329e-01	0.0000e+00	1
242.41	1.8325e-01	2.5361e-01	0.0000e+00	1
242.82	6.0547e-02	2.5572e-01	0.0000e+00	1
243.22	6.9002e-02	2.6640e-01	0.0000e+00	1
243.63	-1.4625e-02	2.7392e-01	0.0000e+00	1
244.03	3.7109e-01	2.6693e-01	0.0000e+00	1
244.44	2.9638e-01	2.6235e-01	0.0000e+00	1
244.85	8.2753e-02	2.5744e-01	0.0000e+00	1
245.26	2.2328e-02	2.5674e-01	0.0000e+00	1
245.67	-2.6127e-02	2.5310e-01	0.0000e+00	1
246.07	-3.0698e-01	2.4094e-01	0.0000e+00	1
246.49	-1.4159e-01	2.4699e-01	0.0000e+00	1
246.90	9.8467e-02	2.5692e-01	0.0000e+00	1
247.31	-3.0056e-01	2.6169e-01	0.0000e+00	1
247.72	-2.1960e-01	2.4834e-01	0.0000e+00	1
248.13	-8.7005e-02	2.4213e-01	0.0000e+00	1
248.55	2.7575e-02	2.3368e-01	0.0000e+00	1
248.96	5.4738e-02	2.4177e-01	0.0000e+00	1
249.38	-4.0614e-02	2.4238e-01	0.0000e+00	1
249.79	-1.5809e-01	2.4311e-01	0.0000e+00	1
250.21	3.0073e-01	2.5006e-01	0.0000e+00	1
250.63	2.1468e-01	2.5506e-01	0.0000e+00	1
251.05	-1.7382e-01	2.5673e-01	0.0000e+00	1
251.46	-2.0986e-01	2.5769e-01	0.0000e+00	1
251.88	1.6270e-01	2.5817e-01	0.0000e+00	1
252.30	2.2273e-01	3.1633e-01	0.0000e+00	1
252.72	1.6592e-01	3.5033e-01	0.0000e+00	1
253.15	-3.9946e-01	3.5440e-01	0.0000e+00	1
253.57	-1.7824e-02	3.5016e-01	0.0000e+00	1
253.99	-4.0947e-01	3.6473e-01	0.0000e+00	1
254.41	5.0573e-01	4.3437e-01	2.5573e-02	2
254.84	-9.4039e-02	3.1278e-01	9.4160e-02	2
255.26	2.3278e-01	3.1172e-01	1.3654e-01	2
255.69	-7.7051e-02	2.9590e-01	8.4652e-02	2
256.12	-7.1333e-02	3.0238e-01	4.9729e-01	2
256.54	4.2738e-01	3.0364e-01	2.0603e-01	2
256.97	-3.0649e-01	3.0667e-01	2.3310e-01	2
257.40	-3.1366e-01	3.0816e-01	7.3812e-02	2
257.83	8.5921e-02	3.1126e-01	3.3134e-02	2
258.26	-2.6707e-01	3.0629e-01	4.7741e-01	2
258.69	-6.0386e-01	3.0080e-01	1.9645e-01	2
259.12	9.1726e-02	2.9566e-01	4.0792e-01	2
259.55	7.6799e-02	2.9721e-01	7.9498e-02	2
259.99	4.0375e-01	2.9484e-01	5.6658e-01	2
260.42	6.0122e-02	3.0271e-01	7.4707e-02	2
260.85	4.2021e-01	2.9781e-01	1.1523e-01	2
261.29	-9.3704e-02	2.9798e-01	2.0975e-01	2
261.72	4.0019e-01	2.9783e-01	1.7459e-01	2
262.16	-4.4051e-01	2.9509e-01	8.0229e-02	2
262.60	-3.6211e-01	2.9294e-01	2.5255e-01	2
263.04	2.6461e-01	3.3294e-01	2.6398e-02	2
263.48	3.5118e-01	3.3650e-01	1.4512e-01	2
263.91	-4.0212e-01	3.3585e-01	2.1507e-01	2
264.35	-2.0546e-01	3.4278e-01	2.6010e-01	2
264.80	4.4454e-02	3.4422e-01	2.6300e-03	2
265.24	1.0575e-02	3.5007e-01	1.2634e-01	2
265.68	-2.9238e-03	3.4542e-01	3.4926e-01	2
266.12	8.7916e-02	3.3593e-01	6.4679e-01	2
266.57	-3.4521e-01	3.1995e-01	2.0721e-01	2
267.01	1.6704e-01	3.2752e-01	7.8105e-02	2
267.46	5.7227e-01	3.3774e-01	1.3733e-03	2
267.90	2.4062e-01	3.4132e-01	2.4997e-01	2
268.35	2.0297e-01	3.5253e-01	3.7267e-01	2
268.80	3.7263e-01	3.4941e-01	7.6395e-01	2
269.25	4.0172e-02	3.3989e-01	2.0722e-02	2
269.69	2.9281e-01	3.2905e-01	2.8901e-01	2
270.14	-2.1194e-01	3.2783e-01	2.5487e-01	2
270.59	2.0678e-01	3.1882e-01	7.5725e-02	2
271.05	-6.4130e-01	3.2798e-01	1.1029e-01	2
271.50	8.2946e-02	3.3756e-01	1.3489e-01	2
271.95	-4.0835e-02	3.3240e-01	1.1245e-01	2
272.40	-5.3275e-02	2.1474e-01	3.9058e-01	3
272.86	8.8362e-02	1.8764e-01	3.6983e-01	3
273.31	2.5884e-02	1.8909e-01	2.6518e-01	3
273.77	-1.9472e-01	1.8328e-01	4.5347e-01	3
274.23	-1.0145e-02	1.7526e-01	3.6086e-01	3
274.68	8.1544e-03	1.7864e-01	1.1290e-01	3
275.14	-2.9217e-01	1.7859e-01	2.0985e-01	3
275.60	2.7246e-01	1.7842e-01	4.6135e-01	3
276.06	-1.7425e-01	1.5293e-01	1.4774e-01	3
276.52	6.8820e-03	1.4751e-01	3.2427e-01	3
276.98	-1.0875e-01	1.4520e-01	4.2803e-01	3
277.44	2.7935e-01	1.4383e-01	6.9898e-02	3
277.91	1.9497e-01	1.4118e-01	3.4482e-01	3
278.37	1.8885e-02	1.4170e-01	1.3583e-01	3
278.83	-8.6101e-03	1.4001e-01	1.6968e-01	3
279.30	2.3460e-02	1.4018e-01	2.9129e-01	3
279.77	1.1475e-01	1.3943e-01	1.5510e-01	3
280.23	1.0679e-02	1.4009e-01	1.9066e-01	3
280.70	-1.5694e-01	1.3929e-01	7.6718e-02	3
281.17	-3.7747e-02	1.3954e-01	4.6457e-01	3
281.64	9.9467e-02	1.3909e-01	3.9065e-02	3
282.11	-9.0188e-03	1.5142e-01	4.4416e-01	4
282.58	3.6472e-02	1.3883e-01	3.9173e-01	4
283.05	-1.7477e-02	1.4094e-01	1.9462e-01	4
283.52	-9.8751e-02	1.4001e-01	1.0628e-01	4
283.99	1.1937e-01	1.4258e-01	9.0759e-02	4
284.47	9.0822e-02	1.4411e-01	2.5467e-01	4
284.94	5.9087e-04	1.3300e-01	4.4305e-01	4
285.42	-5.7682e-02	1.3266e-01	1.2423e-01	4
285.89	4.9178e-02	1.3366e-01	1.9402e-01	4
286.37	-1.6717e-01	1.3502e-01	2.7940e-01	4
286.85	-4.9117e-02	1.4329e-01	1.5782e-01	4
287.32	1.1442e-01	1.4256e-01	2.4720e-01	4
287.80	1.7064e-02	1.4148e-01	3.4119e-01	4
288.28	5.9166e-02	1.3841e-01	4.4501e-01	4
288.76	-9.2767e-02	1.3724e-01	1.6601e-01	4
289.25	2.2857e-02	1.3692e-01	2.8231e-01	4
289.73	-7.7667e-02	1.3944e-01	2.7667e-01	4
290.21	1.4844e-01	1.3346e-01	1.2466e-01	5
290.70	1.2661e-01	1.1028e-01	1.0196e-01	5
291.18	1.6582e-01	1.0717e-01	1.8202e-01	5
291.67	1.4288e-02	1.0645e-01	1.3995e-01	5
292.15	2.5900e-02	1.0616e-01	1.6195e-01	5
292.64	-1.0863e-02	1.0814e-01	2.1829e-01	6
293.13	2.0795e-04	8.8261e-02	2.2793e-01	6
293.62	1.4461e-01	8.9636e-02	1.1867e-01	6
294.11	-2.4415e-03	8.8886e-02	3.5549e-01	6
294.60	-6.1971e-03	9.0895e-02	1.1739e-01	6
295.09	9.4138e-03	9.5984e-02	2.2684e-01	7
295.58	2.0905e-01	9.4117e-02	1.0017e-01	7
296.07	7.9169e-03	9.3984e-02	3.3799e-01	8
296.57	-1.5791e-01	9.3027e-02	3.8251e-01	8
297.06	-1.6414e-01	9.0200e-02	3.6590e-01	8
297.56	-2.2712e-02	9.1949e-02	9.0445e-02	8
298.05	-1.4386e-02	9.1671e-02	1.4431e-01	8
298.55	-3.2535e-02	9.0270e-02	2.7478e-01	8
299.05	4.2528e-03	8.9889e-02	2.1961e-01	8
299.55	-3.8624e-02	9.0801e-02	2.3611e-01	8
300.05	-7.1189e-02	9.1114e-02	1.7854e-01	8
300.55	-1.7106e-03	8.9822e-02	4.1793e-01	8
301.05	7.4313e-02	8.8881e-02	4.4929e-01	8
301.55	-6.1896e-03	8.9793e-02	2.8383e-01	8
302.05	5.5495e-02	8.9410e-02	3.4411e-01	8
302.56	5.7259e-02	8.9938e-02	2.9759e-01	8
303.06	-1.5117e-01	9.0242e-02	2.9325e-01	8
303.57	-6.0096e-02	8.8409e-02	3.6531e-01	8
304.07	-9.8297e-02	8.6256e-02	3.3614e-01	8
304.58	-1.7236e-02	8.5445e-02	2.0244e-01	8
305.09	-5.9083e-02	8.6112e-02	2.6411e-01	8
305.60	5.2706e-02	8.6889e-02	3.7220e-01	8
306.11	-4.4336e-03	8.7093e-02	2.8410e-01	8
306.62	-3.3725e-02	8.7148e-02	3.2780e-01	8
307.13	-1.2361e-01	8.7488e-02	4.2904e-01	8
307.64	-1.5090e-01	8.8480e-02	2.8662e-01	8
308.16	-2.7435e-02	8.8756e-02	5.1675e-01	8
308.67	5.4611e-02	8.9735e-02	3.5978e-01	8
309.18	8.3708e-02	8.9976e-02	4.0921e-01	8
309.70	-6.6009e-02	9.1940e-02	4.0452e-01	9
310.22	-8.5797e-02	7.9492e-02	2.4418e-01	9
310.73	-1.4174e-01	7.8966e-02	4.1768e-01	9
311.25	-7.3984e-02	7.8298e-02	2.2027e-01	9
311.77	7.9015e-03	7.6512e-02	2.9586e-01	9
312.29	-4.9046e-02	7.8142e-02	4.8397e-01	9
312.81	4.2484e-02	7.7590e-02	3.3767e-01	9
313.33	-5.9030e-02	7.8881e-02	2.7031e-01	10
313.86	2.6489e-02	7.0528e-02	2.6589e-01	10
314.38	-3.7522e-02	6.9864e-02	3.0867e-01	10
314.90	-1.3532e-02	6.9585e-02	3.4095e-01	10
315.43	-3.5607e-02	7.0810e-02	4.3504e-01	10
315.96	-4.6769e-02	7.1077e-02	2.2370e-01	10
316.48	-1.2177e-01	7.2702e-02	3.6336e-01	10
317.01	-1.6313e-02	7.1912e-02	4.8095e-01	10
317.54	9.4339e-02	7.1014e-02	2.1448e-01	10
318.07	3.5355e-02	7.1052e-02	2.9377e-01	10
318.60	5.6446e-02	7.3977e-02	3.2200e-01	12
319.13	-3.9653e-02	6.9486e-02	3.4802e-01	12
319.66	-9.6042e-02	6.8047e-02	3.7487e-01	12
320.20	-4.5825e-03	6.7918e-02	3.6376e-01	12
320.73	-1.8791e-02	6.7905e-02	3.6415e-01	12
321.26	-5.7122e-02	6.8078e-02	5.9541e-01	12
321.80	8.6905e-02	6.6646e-02	2.7483e-01	12
322.34	-1.7754e-02	6.6534e-02	2.0950e-01	12
322.87	-5.8261e-02	6.5708e-02	3.4757e-01	12
323.41	1.0499e-01	6.5821e-02	1.6696e-01	12
323.95	-7.1553e-02	6.5254e-02	1.5108e-01	12
324.49	-7.2136e-02	6.5524e-02	2.3529e-01	12
325.03	-1.9174e-02	6.5467e-02	1.2238e-01	12
325.58	2.1409e-02	6.4943e-02	4.1466e-01	12
326.12	1.2091e-02	6.5290e-02	1.1912e-01	12
326.66	4.4126e-02	6.6559e-02	2.7261e-01	13
327.21	8.5924e-02	6.6551e-02	2.6674e-01	13
327.75	1.0028e-01	6.5513e-02	3.8366e-01	14
328.30	9.5162e-03	6.4599e-02	3.0929e-01	14
328.85	9.0492e-02	6.5241e-02	2.8813e-01	14
329.40	1.9649e-01	6.9181e-02	3.2946e-01	14
329.95	-2.4487e-02	6.8542e-02	2.7041e-01	13
330.50	1.5365e-01	7.0273e-02	3.0674e-01	13
331.05	7.3052e-02	6.7070e-02	2.0659e-01	14
331.60	-1.7309e-01	6.6058e-02	3.0669e-01	14
332.15	-3.9689e-02	6.1949e-02	3.2521e-01	14
332.71	-2.4926e-02	6.0659e-02	5.2064e-01	14
333.26	3.2967e-02	6.1758e-02	2.8151e-01	14
333.82	3.0043e-03	6.2095e-02	3.3773e-01	14
334.37	-1.2087e-01	6.2703e-02	3.7285e-01	14
334.93	-4.9575e-02	6.0943e-02	4.2826e-01	14
335.49	-3.6442e-02	6.0031e-02	3.7607e-01	14
336.05	9.0801e-02	5.9173e-02	5.0524e-01	14
336.61	6.8213e-03	5.8735e-02	3.6840e-01	14
337.17	9.3449e-02	5.8892e-02	4.0719e-01	14
337.73	-1.7759e-03	5.9120e-02	4.0227e-01	14
338.30	-2.2003e-02	5.9571e-02	3.1295e-01	14
338.86	2.7451e-02	5.8395e-02	1.3940e-01	14
339.43	5.2115e-03	5.8473e-02	1.5673e-01	14
339.99	2.0709e-01	5.8580e-02	4.1687e-01	14
340.56	2.0575e-01	5.8920e-02	4.1850e-01	14
341.13	-1.1005e-01	5.9427e-02	4.1439e-01	14
341.70	-4.5296e-02	5.9141e-02	7.1559e-01	14
342.27	-4.1052e-02	5.9990e-02	3.6599e-01	14
342.84	2.5016e-03	5.9856e-02	5.1234e-01	15
343.41	4.4168e-02	5.9926e-02	5.6073e-01	15
343.98	2.7496e-02	6.0982e-02	5.4590e-01	15
344.56	-2.3686e-02	6.1534e-02	6.4630e-01	16
345.13	1.3006e-01	6.1277e-02	5.4775e-01	16
345.71	4.9449e+00	6.2474e-02	2.2246e+00	16
346.28	4.2110e+00	6.1215e-02	2.1029e+00	16
346.86	2.0502e-02	5.9621e-02	4.1341e-01	16
347.44	-1.2327e-02	6.2583e-02	4.2720e-01	17
348.02	-1.0490e-01	6.0135e-02	3.1954e-01	16
348.60	-6.3808e-03	6.2397e-02	4.8226e-01	17
349.18	5.8352e-02	6.1270e-02	6.2200e-01	17
349.76	1.1733e-01	6.2139e-02	4.4794e-01	18
350.35	-3.3974e-02	6.1068e-02	3.3934e-01	18
350.93	1.5113e-02	6.2582e-02	4.3071e-01	19
351.51	9.6252e-03	6.0617e-02	2.7798e-01	19
352.10	7.7889e-02	5.9435e-02	7.5283e-01	19
352.69	-6.9989e-02	5.9747e-02	4.0341e-01	19
353.28	-4.9948e-02	5.9654e-02	6.4555e-01	19
353.87	-2.5544e-02	6.0063e-02	6.8309e-01	19
354.46	2.8057e-01	5.9861e-02	3.4993e-01	19
355.05	1.8040e-01	5.9149e-02	4.2636e-01	19
355.64	4.2598e-02	5.9208e-02	6.7708e-01	19
356.23	4.5139e-02	5.9958e-02	5.1380e-01	20
356.83	3.1115e-01	6.0520e-02	8.1323e-01	20
357.42	6.7611e-02	6.0237e-02	8.6196e-01	20
358.02	-1.2459e-01	6.3143e-02	4.4968e-01	20
358.62	3.4634e-02	6.4318e-02	6.2912e-01	21
359.21	2.0647e-03	6.3309e-02	5.3371e-01	21
359.81	-4.4783e-02	6.2834e-02	4.6081e-01	21
360.41	6.5915e-02	6.3498e-02	8.1140e-01	21
361.01	4.4801e-03	6.5023e-02	4.5413e-01	21
361.62	-6.5105e-02	6.5743e-02	6.2548e-01	21
362.22	-1.9573e-02	6.6918e-02	9.5470e-01	21
362.82	2.0126e-01	6.7296e-02	9.1288e-01	21
363.43	4.1946e-02	6.6937e-02	8.7363e-01	21
364.03	-1.8070e-02	6.6736e-02	8.4267e-01	21
364.64	1.0068e-01	6.5629e-02	6.2897e-01	21
365.25	1.1570e-01	6.5525e-02	5.8035e-01	21
365.86	8.9447e-03	6.2449e-02	5.1914e-01	22
366.47	-7.0534e-02	6.2179e-02	6.2905e-01	22
367.08	-6.9948e-02	6.2883e-02	4.2604e-01	22
367.69	-5.3658e-02	6.3862e-02	7.1147e-01	23
368.31	4.9891e-02	6.1637e-02	5.3871e-01	23
368.92	4.3350e-02	6.1387e-02	8.6711e-01	23
369.53	2.4732e-03	6.1962e-02	5.9996e-01	23
370.15	-4.8966e-02	6.1591e-02	4.9333e-01	23
370.77	-1.7888e-02	6.3801e-02	3.8482e-01	25
371.39	-3.5033e-02	6.3316e-02	6.6748e-01	25
372.01	-3.4472e-02	6.5059e-02	7.6639e-01	25
372.63	2.2481e-02	6.4176e-02	7.1887e-01	24
373.25	-3.5904e-02	6.3732e-02	6.1763e-01	24
373.87	3.5004e-04	6.3142e-02	6.5914e-01	25
374.49	-7.9756e-02	6.2558e-02	7.8651e-01	26
375.12	-8.2155e-02	6.2095e-02	6.6582e-01	26
375.74	1.1620e-01	6.0987e-02	1.0305e+00	26
376.37	-2.2583e-02	6.0868e-02	7.4779e-01	26
377.00	-1.3775e-02	6.0511e-02	8.9977e-01	26
377.63	7.9429e-03	6.0502e-02	6.4428e-01	26
378.26	-1.1159e-01	6.0638e-02	4.3685e-01	26
378.89	7.6730e-02	6.0597e-02	7.1568e-01	26
379.52	3.5905e-02	6.1121e-02	6.2531e-01	26
380.15	1.0714e-01	6.0476e-02	9.6235e-01	26
380.79	7.1791e-02	6.0670e-02	5.6875e-01	26
381.42	-4.5043e-02	6.1603e-02	7.3458e-01	26
382.06	3.5802e-02	6.3244e-02	8.5319e-01	26
382.70	-1.8349e-02	6.3484e-02	6.9302e-01	26
383.33	-1.0074e-01	6.5362e-02	7.5107e-01	26
383.97	-1.9550e-02	6.5494e-02	5.3437e-01	26
384.61	3.9141e-03	6.5359e-02	6.6008e-01	26
385.26	-4.6901e-03	6.6209e-02	6.4573e-01	26
385.90	-7.8162e-02	6.5870e-02	8.0162e-01	25
386.54	-9.5495e-03	6.4549e-02	6.4850e-01	25
387.19	-5.4227e-02	6.5263e-02	6.9585e-01	26
387.83	5.8802e-03	6.5604e-02	5.1846e-01	26
388.48	1.0404e-01	6.6926e-02	5.9187e-01	27
389.13	4.9754e-02	6.7786e-02	5.9326e-01	27
389.78	-2.6515e-02	7.0175e-02	6.3113e-01	27
390.43	-5.0738e-02	7.0084e-02	7.1543e-01	27
391.08	-5.7651e-02	6.9527e-02	7.0583e-01	27
391.73	-2.2388e-03	6.9283e-02	5.0865e-01	27
392.38	5.8207e-02	6.9702e-02	5.6211e-01	27
393.04	2.1643e-02	7.0118e-02	9.2804e-01	27
393.69	-1.4119e-01	6.9330e-02	8.3950e-01	27
394.35	6.0294e-02	6.8817e-02	5.7779e-01	27
395.01	8.0686e-02	6.8865e-02	6.4305e-01	27
395.67	-7.9093e-02	6.8187e-02	6.8755e-01	27
396.33	-7.0381e-03	6.9358e-02	6.8865e-01	27
396.99	-4.9226e-02	7.0075e-02	6.3275e-01	26
397.65	-6.7452e-02	7.0476e-02	7.2198e-01	26
398.31	-7.3603e-02	7.1408e-02	5.4610e-01	26
398.98	-7.1877e-03	7.1659e-02	8.2052e-01	26
399.64	6.6866e-02	7.4722e-02	9.2354e-01	26
400.31	-2.1181e-01	7.6256e-02	5.5724e-01	25
400.98	-4.9586e-02	7.5950e-02	7.9150e-01	26
401.64	2.9923e-03	7.5386e-02	5.4279e-01	26
402.31	-7.2948e-02	7.6284e-02	6.5147e-01	27
402.99	6.4944e-03	7.8465e-02	1.2746e+00	26
403.66	2.3817e-03	7.8063e-02	4.5404e-01	26
404.33	-6.5102e-02	7.8599e-02	6.6997e-01	26
405.00	-1.2768e-01	7.9408e-02	5.2843e-01	25
405.68	-1.0175e-02	8.0960e-02	9.0165e-01	25
406.36	-6.9542e-02	8.1163e-02	9.7429e-01	25
407.03	-2.7139e-01	8.1938e-02	8.5195e-01	25
407.71	-1.3008e-01	8.2987e-02	7.2934e-01	25
408.39	1.7668e-02	8.2977e-02	1.0122e+00	27
409.07	8.2274e-02	8.1936e-02	7.0670e-01	27
409.76	1.0398e-01	8.2841e-02	7.9646e-01	28
410.44	7.5674e-03	8.1382e-02	1.0360e+00	28
411.12	-4.3484e-02	8.1688e-02	7.7555e-01	28
411.81	-5.3446e-02	8.1403e-02	7.1010e-01	28
412.50	-6.8338e-02	8.2849e-02	8.9684e-01	29
413.19	4.5972e-02	8.3883e-02	1.4389e+00	29
413.87	-3.8975e-02	8.3855e-02	1.1747e+00	29
414.56	-3.9207e-02	8.3534e-02	1.0842e+00	29
415.26	8.3642e-02	8.2556e-02	8.6385e-01	29
415.95	-1.2946e-01	8.2483e-02	1.1356e+00	29
416.64	-5.4199e-02	8.2751e-02	7.9080e-01	29
417.34	1.0905e-02	8.5428e-02	1.2465e+00	30
418.03	-4.7584e-03	8.4385e-02	1.3024e+00	30
418.73	-6.0240e-02	8.3187e-02	1.0221e+00	30
419.43	2.3916e-02	8.4694e-02	9.0966e-01	30
420.13	-5.3343e-02	8.6177e-02	1.2513e+00	31
420.83	-1.6289e-02	8.2517e-02	9.0145e-01	32
421.53	5.4205e-02	8.4431e-02	9.1340e-01	32
422.23	9.3765e-02	8.5226e-02	1.1858e+00	32
422.94	-5.5759e-02	8.6182e-02	1.2712e+00	32
423.64	-4.7033e-02	8.5189e-02	1.3566e+00	31
424.35	5.2888e-02	8.5621e-02	9.6671e-01	31
425.06	-1.2615e-01	8.6255e-02	9.6127e-01	31
425.77	-8.2954e-03	8.7442e-02	1.3002e+00	32
426.48	-9.8257e-02	8.8629e-02	1.0884e+00	32
427.19	-8.4228e-02	8.9032e-02	8.1930e-01	32
427.90	1.2051e-02	9.1926e-02	1.1276e+00	32
428.61	2.2243e-02	9.3479e-02	7.1472e-01	32
429.33	1.5421e-01	9.4683e-02	1.0781e+00	32
430.05	1.4005e-01	9.4746e-02	9.2896e-01	32
430.76	-4.7982e-02	9.6849e-02	9.3968e-01	33
431.48	-2.1932e-01	9.4068e-02	1.4460e+00	33
432.20	1.0378e-01	9.3058e-02	8.9999e-01	33
432.92	5.1592e-02	9.2801e-02	9.9446e-01	33
433.64	-1.5855e-01	9.2050e-02	9.7253e-01	33
434.37	3.3695e-02	9.2656e-02	1.0358e+00	33
435.09	2.3700e-01	9.4293e-02	1.4035e+00	32
435.82	-5.5219e-02	9.5054e-02	7.8371e-01	31
436.54	7.2394e-02	9.5503e-02	8.6533e-01	31
437.27	-1.9554e-03	9.4672e-02	9.0051e-01	31
438.00	-1.7061e-01	9.4199e-02	8.1259e-01	31
438.73	-2.1555e-02	9.6617e-02	9.8289e-01	31
439.46	2.2182e-01	9.7152e-02	9.2753e-01	31
440.20	-1.9891e-02	9.8092e-02	1.2216e+00	32
440.93	4.6322e-01	9.7742e-02	1.6480e+00	33
441.67	-7.0224e-02	9.7665e-02	1.5285e+00	33
442.40	-6.8465e-02	9.7057e-02	1.2060e+00	33
443.14	2.9180e-01	9.7528e-02	9.2643e-01	34
443.88	1.9580e-01	9.7911e-02	7.3262e-01	34
444.62	3.0000e-02	1.0049e-01	1.3491e+00	35
445.36	4.0036e-02	1.0015e-01	1.3721e+00	35
446.10	2.2072e-01	1.0025e-01	9.0521e-01	36
446.85	2.5359e-01	1.0225e-01	8.1925e-01	37
447.59	-3.4027e-02	1.0908e-01	1.0937e+00	36
448.34	2.5642e-02	1.0940e-01	8.7946e-01	36
449.09	-3.9850e-02	1.0943e-01	1.0957e+00	36
449.84	-6.6422e-02	1.0751e-01	8.5737e-01	37
450.59	-1.8970e-01	1.0185e-01	1.4144e+00	37
451.34	9.7604e-02	1.0173e-01	1.1937e+00	37
452.09	-7.4607e-02	1.0675e-01	1.1324e+00	36
452.85	9.2853e-02	1.0849e-01	1.5174e+00	36
453.60	5.5904e-01	1.0862e-01	1.2202e+00	36
454.36	1.7938e-01	1.0748e-01	1.4163e+00	36
455.11	-1.7809e-02	1.0669e-01	9.8174e-01	36
455.87	6.5011e-02	1.0633e-01	1.1386e+00	36
456.63	-5.5869e-02	1.0479e-01	1.4863e+00	36
457.40	-1.0068e-01	1.0799e-01	1.1952e+00	37
458.16	4.9776e-02	1.0708e-01	2.0990e+00	38
458.92	8.3406e-02	1.0650e-01	1.2707e+00	38
459.69	-1.1665e-02	1.0670e-01	8.7692e-01	38
460.45	1.8184e+00	1.0624e-01	2.8566e+00	38
461.22	1.0709e+01	1.0719e-01	1.0100e+01	38
461.99	2.9248e+00	1.0726e-01	3.1553e+00	39
462.76	-1.3523e-01	1.0702e-01	2.0209e+00	39
463.53	-9.3255e-02	1.0681e-01	1.4357e+00	39
464.31	-2.0650e-01	1.0699e-01	9.4088e-01	40
465.08	-1.0368e-01	1.0762e-01	1.0908e+00	40
465.86	9.1671e-02	1.0861e-01	1.0117e+00	40
466.63	-8.1119e-02	1.0716e-01	1.2018e+00	40
467.41	1.0538e-01	1.0594e-01	1.0278e+00	40
468.19	-2.3721e-02	1.0590e-01	9.7317e-01	39
468.97	5.5452e-02	1.0723e-01	1.4711e+00	40
469.76	-4.8589e-02	1.0848e-01	1.4387e+00	40
470.54	-4.9508e-02	1.0984e-01	1.3442e+00	40
471.32	-1.5326e-01	1.0759e-01	1.2726e+00	39
472.11	-7.9303e-02	1.0849e-01	1.5740e+00	39
472.90	-1.5243e-01	1.1014e-01	1.4925e+00	39
473.69	8.9982e-02	1.1172e-01	1.6057e+00	39
474.48	5.9968e-02	1.1404e-01	1.7774e+00	39
475.27	1.3169e-01	1.1405e-01	1.9500e+00	38
476.06	5.1550e-02	1.1244e-01	1.5500e+00	37
476.85	9.9833e-02	1.1347e-01	1.3703e+00	37
477.65	-8.7495e-02	1.1531e-01	1.4689e+00	37
478.45	5.4479e-02	1.1388e-01	1.5987e+00	36
479.24	9.3117e-02	1.1420e-01	1.2917e+00	35
480.04	-1.2862e-01	1.1517e-01	1.1527e+00	35
480.84	-1.6490e-01	1.1390e-01	1.8241e+00	35
481.65	1.7060e-01	1.1239e-01	9.2938e-01	35
482.45	-7.0978e-02	1.1348e-01	1.1271e+00	36
483.25	-7.8101e-02	1.1247e-01	1.3396e+00	36
484.06	6.5284e-03	1.1350e-01	1.8565e+00	36
484.87	-6.0597e-02	1.1538e-01	1.2429e+00	37
485.68	-3.2952e-02	1.1643e-01	1.9457e+00	38
486.49	5.3553e-02	1.1471e-01	1.7718e+00	37
487.30	-3.6799e-02	1.1509e-01	2.1305e+00	37
488.11	-1.0216e-02	1.1753e-01	1.6351e+00	39
488.92	-2.0572e-01	1.1619e-01	1.7753e+00	40
489.74	4.6737e-02	1.1839e-01	1.3980e+00	39
490.56	6.4967e-02	1.1672e-01	1.5576e+00	39
491.37	2.9092e-01	1.1910e-01	1.7117e+00	39
492.19	3.5102e+00	1.2018e-01	2.8311e+00	39
493.01	1.6477e+00	1.2080e-01	2.3065e+00	40
493.84	8.9744e-02	1.2109e-01	1.1634e+00	40
494.66	-3.1012e-02	1.2028e-01	1.7099e+00	41
495.49	-1.5004e-01	1.2115e-01	1.5036e+00	41
496.31	-4.6175e-02	1.2114e-01	1.5334e+00	41
497.14	1.1865e-02	1.2251e-01	1.5950e+00	42
497.97	-8.8730e-03	1.2124e-01	1.9371e+00	42
498.80	-8.2591e-02	1.2403e-01	1.9471e+00	42
499.63	5.9903e-02	1.3480e-01	1.5718e+00	41
500.46	-2.9499e-01	1.3589e-01	1.4125e+00	41
501.30	-2.4072e-01	1.3606e-01	1.4753e+00	41
502.14	-2.0872e-01	1.3747e-01	1.6865e+00	41
502.97	-1.1911e-01	1.4068e-01	1.5359e+00	40
503.81	-7.8798e-02	1.3860e-01	1.7227e+00	39
504.65	-7.1710e-02	1.3765e-01	1.6017e+00	39
505.49	-6.6066e-02	1.4105e-01	2.1222e+00	39
506.34	-8.1407e-02	1.4530e-01	1.6423e+00	39
507.18	1.4114e-01	1.3867e-01	2.0477e+00	39
508.03	-1.3217e-01	1.4022e-01	1.6096e+00	39
508.87	2.1082e-02	1.4055e-01	1.7100e+00	39
509.72	1.3600e-01	1.3949e-01	2.5825e+00	39
510.57	-4.6129e-02	1.4208e-01	1.6520e+00	38
511.42	-3.7724e-02	1.4011e-01	1.8553e+00	38
512.28	-2.1575e-01	1.3986e-01	1.3629e+00	38
513.13	-1.5930e-01	1.3856e-01	1.2198e+00	38
513.99	-1.1409e-02	1.3907e-01	1.2384e+00	38
514.84	5.5540e-03	1.3502e-01	1.5642e+00	38
515.70	6.8944e-02	1.3307e-01	2.0025e+00	38
516.56	-2.2310e-01	1.3188e-01	2.3552e+00	39
517.43	-9.2745e-03	1.3293e-01	1.4725e+00	39
518.29	-2.7325e-01	1.3290e-01	1.6399e+00	39
519.15	-1.5571e-02	1.3116e-01	1.4981e+00	39
520.02	3.5784e-02	1.3121e-01	1.5400e+00	39
520.89	1.9640e-02	1.3261e-01	1.4114e+00	40
521.75	-1.4354e-01	1.3208e-01	1.8593e+00	40
522.62	-8.2580e-02	1.3114e-01	1.7918e+00	40
523.50	2.8716e-02	1.3189e-01	2.0844e+00	40
524.37	4.2443e-02	1.3126e-01	2.1426e+00	40
525.24	-1.0745e-01	1.3022e-01	1.6498e+00	40
526.12	1.3221e-03	1.2992e-01	1.7852e+00	40
527.00	-1.9224e-01	1.3192e-01	1.7717e+00	40
527.88	-1.3804e-01	1.3289e-01	1.5809e+00	40
528.76	3.5157e-02	1.3279e-01	1.7452e+00	39
529.64	-3.0939e-01	1.3463e-01	2.2323e+00	40
530.52	2.0231e-02	1.3193e-01	1.5807e+00	39
531.41	2.1972e-01	1.3208e-01	1.3873e+00	39
532.29	5.0755e-01	1.3491e-01	2.1400e+00	40
533.18	9.4409e-01	1.3374e-01	2.0774e+00	40
534.07	1.3161e-01	1.3339e-01	2.2077e+00	40
534.96	2.8231e-01	1.3128e-01	2.0440e+00	40
535.85	2.4281e-01	1.3197e-01	2.3228e+00	40
536.75	6.5829e-01	1.3193e-01	2.9666e+00	40
537.64	2.3587e-01	1.3062e-01	1.9563e+00	40
538.54	4.1396e-02	1.3258e-01	2.4555e+00	40
539.44	6.5350e-03	1.3350e-01	1.9924e+00	40
540.34	-3.8928e-02	1.3371e-01	1.5302e+00	40
541.24	-6.3131e-02	1.3336e-01	1.8577e+00	40
542.14	-9.5343e-02	1.3572e-01	1.9015e+00	40
543.04	1.8384e-02	1.3749e-01	1.6656e+00	40
543.95	1.0238e-01	1.3956e-01	1.8933e+00	40
544.86	-2.3600e-02	1.3999e-01	2.1633e+00	40
545.77	1.1138e-01	1.4047e-01	1.9521e+00	40
546.68	1.4523e-02	1.4208e-01	2.2334e+00	40
547.59	-9.2652e-02	1.4327e-01	2.0120e+00	40
548.50	-5.9254e-02	1.4206e-01	2.6315e+00	39
549.42	1.0948e-01	1.4532e-01	2.3221e+00	38
550.33	2.0701e-01	1.5626e-01	2.0480e+00	38
551.25	3.9851e-01	1.6399e-01	1.8263e+00	37
552.17	-2.9377e-02	1.6576e-01	1.8854e+00	37
553.09	1.4630e-02	1.6352e-01	1.4136e+00	37
554.01	-2.6863e-01	1.6505e-01	2.2339e+00	38
554.94	-1.7686e-02	1.6025e-01	2.1699e+00	38
555.86	2.6785e-02	1.6226e-01	2.0941e+00	38
556.79	-1.1391e+00	1.6290e-01	2.2831e+00	38
557.72	-9.6564e-01	1.6740e-01	2.0315e+00	37
558.65	-2.0361e-01	1.6508e-01	2.2628e+00	37
559.58	1.8042e-01	1.7052e-01	2.8126e+00	38
560.51	2.3325e-02	1.7217e-01	2.3144e+00	39
561.45	1.8648e-03	1.7180e-01	2.3818e+00	39
562.38	-7.3125e-02	1.7701e-01	1.4358e+00	39
563.32	6.7778e-02	1.7553e-01	1.7410e+00	38
564.26	-3.9295e-01	1.7708e-01	1.5993e+00	39
565.20	-2.9910e-01	1.7616e-01	1.8000e+00	39
566.15	-2.4094e-01	1.7416e-01	2.3345e+00	38
567.09	-5.0965e-02	1.7317e-01	1.8061e+00	38
568.04	6.8090e-02	1.7553e-01	1.6942e+00	38
568.98	-9.6378e-03	1.7681e-01	1.8776e+00	38
569.93	-6.9832e-02	1.8152e-01	2.1544e+00	38
570.88	-5.2772e-02	1.7693e-01	2.0547e+00	37
571.84	-2.7022e-01	1.7806e-01	2.2455e+00	37
572.79	-1.2591e-01	1.7780e-01	1.3760e+00	37
573.74	6.1806e-02	1.8397e-01	2.1885e+00	38
574.70	-2.3292e-01	1.8572e-01	2.6993e+00	37
575.66	4.2638e+00	1.8621e-01	4.8071e+00	37
576.62	1.3671e+01	1.8725e-01	9.8564e+00	37
577.58	3.4363e+00	1.8854e-01	4.5808e+00	37
578.54	-1.9628e-01	1.8786e-01	2.0725e+00	37
579.51	-1.3722e-01	1.8202e-01	2.3469e+00	37
580.48	-3.3262e-02	1.8361e-01	2.4692e+00	37
581.44	1.3525e-01	1.8142e-01	1.8661e+00	36
582.41	1.0417e-01	1.8104e-01	2.6860e+00	36
583.39	-9.2486e-02	1.8107e-01	2.9104e+00	36
584.36	-2.3841e-01	1.8406e-01	2.6073e+00	36
585.33	-1.6889e-02	1.8423e-01	3.0392e+00	35
586.31	9.3833e-02	1.8382e-01	2.1427e+00	35
587.29	5.0462e-01	1.8467e-01	2.3543e+00	35
588.27	1.3886e-01	1.8693e-01	1.8658e+00	35
589.25	-8.3510e-02	1.8701e-01	2.7210e+00	34
590.23	7.6922e-02	1.8619e-01	2.7237e+00	34
591.21	-6.2246e-02	1.8512e-01	1.6305e+00	34
592.20	3.8708e-02	1.8497e-01	1.7957e+00	34
593.19	-2.8752e-01	1.8925e-01	2.4146e+00	34
594.18	-3.5662e-01	1.9342e-01	1.9169e+00	34
595.17	-2.6026e-01	1.9176e-01	1.8348e+00	34
596.16	1.9468e-01	1.9173e-01	2.4137e+00	34
597.16	6.4374e-02	1.9355e-01	2.4625e+00	34
598.15	-1.5669e-01	1.9659e-01	2.0697e+00	34
599.15	9.8598e-02	1.9852e-01	1.7090e+00	34
600.15	-7.2968e-02	1.9990e-01	3.4662e+00	34
601.15	-1.6699e-01	2.0298e-01	3.3645e+00	33
602.15	1.8926e-01	2.0714e-01	2.1626e+00	32
603.16	-1.7740e-03	2.1259e-01	3.7810e+00	32
604.16	6.9878e-03	2.1393e-01	3.7430e+00	32
605.17	-2.6312e-01	2.1641e-01	2.9336e+00	32
606.18	-4.4740e-01	2.1503e-01	3.2812e+00	31
607.19	-1.1618e-02	2.1633e-01	2.5241e+00	30
608.20	2.2485e-01	2.2472e-01	4.1373e+00	30
609.22	-2.4819e-01	2.3127e-01	2.9132e+00	29
610.23	-1.8750e-01	2.2456e-01	3.6445e+00	27
611.25	1.7089e-01	2.3220e-01	2.4586e+00	27
612.27	-2.1452e-02	2.3421e-01	3.6301e+00	27
613.29	8.0472e-02	2.3213e-01	3.3945e+00	27
614.31	-2.6568e-02	2.6338e-01	3.2175e+00	27
615.34	3.2523e-01	2.9504e-01	3.5720e+00	26
616.37	1.6029e-02	2.9611e-01	3.0022e+00	26
617.39	-4.9601e-02	2.9893e-01	3.9560e+00	26
618.42	-6.2430e-01	3.0270e-01	3.6453e+00	26
619.45	5.7081e-02	3.2185e-01	1.8980e+00	26
620.49	3.3806e-01	3.2636e-01	2.1328e+00	26
621.52	6.2516e-01	3.2827e-01	2.7777e+00	26
622.56	1.5739e-01	3.3051e-01	2.2247e+00	26
623.60	-3.4002e-01	3.4015e-01	2.3490e+00	26
624.64	2.7306e-01	3.6536e-01	3.3039e+00	26
625.68	2.5225e-01	3.6476e-01	2.9773e+00	24
626.72	-4.1709e-01	3.6528e-01	2.3753e+00	24
627.77	2.8943e-01	3.6533e-01	2.3725e+00	24
628.82	8.5547e-02	3.6650e-01	2.3431e+00	24
629.86	-3.0853e-01	3.7239e-01	3.5538e+00	24
630.91	-1.8705e-01	3.7517e-01	2.8153e+00	23
631.97	2.6619e-03	3.7683e-01	2.7289e+00	23
633.02	-1.0012e-01	3.7272e-01	3.0418e+00	23
634.08	5.3788e-01	3.7328e-01	2.5149e+00	22
635.13	-8.8283e-02	3.6920e-01	1.6256e+00	22
636.19	4.1428e-01	3.7445e-01	3.1274e+00	22
637.25	-2.8128e-01	3.7894e-01	3.1744e+00	22
638.32	-7.5600e-02	3.8254e-01	2.0030e+00	22
639.38	-5.2757e-02	3.8985e-01	3.3857e+00	22
640.45	1.8728e-01	3.8145e-01	2.1679e+00	22
641.52	2.0942e-01	3.7056e-01	1.9399e+00	21
642.59	1.3238e-01	3.6605e-01	4.0635e+00	21
643.66	2.9327e-01	3.7064e-01	2.6536e+00	21
644.73	9.3187e-01	3.6860e-01	2.0975e+00	21
645.81	1.1938e-01	3.5619e-01	2.3877e+00	21
646.88	2.4986e-01	3.5608e-01	1.7001e+00	21
647.96	-2.1729e-02	3.5998e-01	2.2900e+00	21
649.04	5.4013e-01	3.6381e-01	3.6881e+00	21
650.13	-4.0932e-02	3.6759e-01	3.4052e+00	21
651.21	-4.7180e-01	3.6947e-01	2.2555e+00	21
652.30	-1.7052e-01	3.7280e-01	2.4215e+00	21
653.38	2.3199e-02	3.7133e-01	2.4698e+00	21
654.47	-4.2087e-01	3.7492e-01	3.5376e+00	21
655.57	-7.1129e-01	3.7942e-01	4.5850e+00	21
656.66	-9.8544e-01	3.8035e-01	1.9990e+00	21
657.75	-7.1675e-01	3.8572e-01	2.6393e+00	21
658.85	-5.2072e-02	3.9062e-01	2.7612e+00	21
659.95	5.5615e-01	3.9092e-01	2.8449e+00	20
661.05	7.3679e-01	3.9440e-01	3.2819e+00	20
662.15	3.4298e-01	3.9347e-01	3.0680e+00	19
663.26	-4.9553e-01	4.0195e-01	2.4320e+00	19
664.36	-1.2943e-01	4.1087e-01	1.5594e+00	19
665.47	2.9841e-01	4.0842e-01	1.7418e+00	19
666.58	1.9543e-01	4.3613e-01	2.7195e+00	19
667.69	1.2876e-01	4.4293e-01	2.5734e+00	17
668.81	-8.2982e-01	4.3225e-01	3.2507e+00	16
669.92	-7.1578e-01	4.1440e-01	3.1442e+00	16
671.04	4.8136e-01	4.1875e-01	4.2259e+00	16
672.16	3.1329e-01	4.2162e-01	4.7366e+00	16
673.28	-2.2381e-01	4.2764e-01	2.4532e+00	16
674.40	-1.3087e-01	4.2466e-01	3.0852e+00	15
675.53	-9.5408e-02	4.5831e-01	1.5998e+00	15
676.65	2.5491e-01	4.4462e-01	1.7473e+00	14
677.78	-4.3771e-01	4.5909e-01	2.3644e+00	14
678.91	1.2654e-01	4.9273e-01	3.3900e+00	14
680.05	-2.8035e-02	4.8866e-01	1.7104e+00	13
681.18	-3.3596e-01	4.9315e-01	2.9614e+00	13
682.32	-5.8728e-01	5.1051e-01	5.0946e+00	13
683.45	-7.3849e-02	5.0996e-01	2.3177e+00	13
684.59	2.8556e-02	5.1849e-01	6.1175e+00	13
685.74	-3.0776e-01	5.4445e-01	3.8265e+00	13
686.88	3.0324e-01	5.6586e-01	3.3449e+00	13
688.02	4.5046e-01	5.7475e-01	3.7392e+00	13
689.17	1.3285e-01	5.8055e-01	7.5722e+00	13
690.32	2.2320e+00	6.3631e-01	7.6376e+00	13
691.47	1.4388e+01	7.4057e-01	1.3948e+01	12
692.63	1.0166e+01	8.9776e-01	1.0662e+01	11
693.78	6.5022e-01	8.9513e-01	3.2628e+00	11
694.94	1.1874e+00	9.4328e-01	5.5038e+00	11
696.10	-5.3938e-01	9.9570e-01	7.0269e+00	11
697.26	-5.1862e-01	1.0064e+00	3.3207e+00	11
698.42	4.1860e-01	1.0321e+00	6.2888e+00	11
699.59	6.4741e-01	1.0288e+00	3.4384e+00	11
700.75	-2.0627e-01	9.9282e-01	7.5354e+00	11
701.92	-4.3135e-01	1.0412e+00	3.7768e+00	11
703.09	-2.0499e+00	1.0340e+00	5.2773e+00	11
704.27	8.0378e-02	1.0674e+00	6.2881e+00	11
705.44	-4.7740e-02	1.0974e+00	4.8778e+00	10
706.62	3.6246e-01	1.1260e+00	3.4110e+00	10
707.79	-1.2099e+00	1.1293e+00	5.1083e+00	10
708.98	9.3786e-01	1.1243e+00	5.7844e+00	10
710.16	9.2176e-03	1.1339e+00	3.8940e+00	10
711.34	5.1126e-01	1.1875e+00	7.5346e+00	10
712.53	-8.4495e-01	1.2198e+00	1.0779e+01	9
713.72	6.0168e-01	1.2214e+00	6.6898e+00	9
714.91	-6.3899e-01	1.2146e+00	8.6279e+00	9
716.10	7.9085e-01	1.2053e+00	3.7711e+00	9
717.29	8.3986e-01	1.2277e+00	2.4824e+00	9
718.49	-1.8040e+00	1.2400e+00	3.9289e+00	9
719.69	-2.1452e+00	1.2480e+00	5.1411e+00	9
720.89	-1.9937e-01	1.1524e+00	6.9867e+00	9
722.09	1.1396e+00	1.1450e+00	8.4279e+00	9
723.30	2.1951e-02	1.2143e+00	4.7121e+00	9
724.50	1.4770e+00	1.1988e+00	6.1504e+00	8
725.71	-6.3349e-01	1.2221e+00	6.3162e+00	8
726.92	1.2082e+00	1.2556e+00	1.7383e+01	7
728.13	2.2122e+00	1.2567e+00	1.2120e+01	7
729.35	2.4232e-01	1.2662e+00	6.3786e+00	7
730.56	-1.1912e+00	1.2695e+00	6.6121e+00	7
731.78	-1.8971e+00	1.2594e+00	2.5229e+00	7
733.00	2.0929e+00	1.1968e+00	1.3745e+01	7
734.23	-1.1117e+00	1.2009e+00	5.3774e+00	7
735.45	4.6974e-01	1.2140e+00	4.8060e+00	7
736.68	-2.4065e+00	1.2376e+00	7.2713e+00	7
737.91	-1.1438e+00	1.2533e+00	4.5139e+00	7
739.14	1.9954e-01	1.2711e+00	7.0751e+00	7
740.37	-1.4031e+00	1.2710e+00	1.1921e+01	7
741.60	3.4441e-01	1.2583e+00	4.6486e+00	7
742.84	2.8206e+00	1.2950e+00	4.8750e+00	7
744.08	1.2921e+00	1.2965e+00	7.1217e+00	7
745.32	5.4661e-02	1.2793e+00	1.0942e+01	7
746.56	1.2573e+00	1.2463e+00	5.2313e+00	7
747.81	2.4316e+00	1.2685e+00	3.5784e+00	7
749.06	-9.0579e-01	1.2913e+00	5.8234e+00	7
750.30	8.2320e-01	1.3050e+00	5.3888e+00	7
751.56	2.9985e+00	1.3272e+00	1.2032e+01	7
752.81	7.7644e+00	1.3516e+00	9.5726e+00	7
754.07	2.5127e-01	1.3484e+00	5.2830e+00	7
755.32	7.9303e-01	1.4053e+00	6.9718e+00	7
756.58	-1.3121e+00	1.4896e+00	7.8433e+00	6
757.84	1.1701e+00	1.4814e+00	5.7610e+00	6
759.11	-1.0410e-01	1.4402e+00	4.0893e+00	6
760.37	-1.7451e+00	1.4787e+00	4.1541e+00	6
761.64	1.6768e+00	1.5058e+00	4.2128e+00	5
762.91	2.4586e+00	1.5378e+00	3.0192e+00	5
764.19	1.2662e+00	1.6764e+00	5.3952e+00	5
765.46	9.8454e-01	1.7919e+00	5.8082e+00	4
766.74	-3.9353e+00	1.7543e+00	5.0340e+00	3
768.02	-2.3812e+00	1.7884e+00	9.0904e+00	3
769.30	-2.0885e+00	1.8306e+00	4.5224e+00	3
770.58	2.2919e+00	2.5379e+00	1.1499e+00	3
771.86	4.6260e+00	4.6824e+00	1.1464e+00	2
773.15	-1.8662e-01	4.8017e+00	2.0878e+00	2
774.44	1.3016e+00	4.7885e+00	2.1765e+00	2
775.73	1.9422e+00	5.0031e+00	2.5013e+00	2
777.03	-6.1168e+00	5.0580e+00	2.9232e+00	2
778.32	-2.1303e+00	5.1843e+00	5.0548e-01	2
779.62	3.7448e+00	5.2713e+00	1.1494e+01	2
780.92	5.5346e+00	5.2941e+00	8.0140e+00	2
782.22	-4.7227e+00	5.9451e+00	7.5656e+00	2
783.53	-2.0491e+01	9.1130e+00	0.0000e+00	1
784.83	9.8435e-01	9.2947e+00	0.0000e+00	1
786.14	2.7087e+00	9.2258e+00	0.0000e+00	1
787.45	2.0123e+00	9.2200e+00	0.0000e+00	1
788.77	1.0681e+01	9.7803e+00	0.0000e+00	1
790.08	-6.2671e+00	1.0356e+01	0.0000e+00	1
791.40	8.1231e+00	9.9961e+00	0.0000e+00	1
792.72	-1.1054e+00	1.0041e+01	0.0000e+00	1
794.04	-1.7108e+00	1.0060e+01	0.0000e+00	1
795.37	-8.9026e+00	9.5649e+00	0.0000e+00	1
796.69	-2.2851e+01	9.7993e+00	0.0000e+00	1
798.02	2.3316e+01	9.7798e+00	0.0000e+00	1
799.35	-1.4536e+01	9.6838e+00	0.0000e+00	1
800.69	-1.5326e+01	1.0160e+01	0.0000e+00	1
802.02	5.8514e+00	1.0167e+01	0.0000e+00	1
803.36	1.4744e-01	1.0193e+01	0.0000e+00	1
804.70	-3.1610e-01	1.0394e+01	0.0000e+00	1
806.04	4.0070e+01	9.5978e+00	0.0000e+00	1
807.39	6.0469e+01	9.6510e+00	0.0000e+00	1
808.73	3.8045e+01	1.0028e+01	0.0000e+00	1
810.08	3.1832e+01	1.0106e+01	0.0000e+00	1
811.43	6.7572e+00	1.0110e+01	0.0000e+00	1
812.79	6.4198e+00	1.2992e+01	0.0000e+00	1
814.14	1.7174e+01	1.5430e+01	0.0000e+00	1
815.50	1.5148e+01	1.4684e+01	0.0000e+00	1
816.86	-7.1484e+00	1.4284e+01	0.0000e+00	1
818.22	-1.1640e+01	1.5552e+01	0.0000e+00	1
819.59	3.3011e+01	2.0495e+01	0.0000e+00	1
820.95	3.5802e+01	2.0246e+01	0.0000e+00	1
822.32	3.4342e+01	1.9823e+01	0.0000e+00	1
823.69	1.8345e+01	1.9726e+01	0.0000e+00	1
825.07	2.6639e+00	1.9956e+01	0.0000e+00	1
826.44	2.7266e+01	1.9587e+01	0.0000e+00	1
827.82	1.2537e+01	1.9494e+01	0.0000e+00	1
829.20	8.1413e+00	1.9694e+01	0.0000e+00	1
830.59	8.7502e+00	1.9826e+01	0.0000e+00	1
831.97	3.3060e+01	2.1336e+01	0.0000e+00	1
833.36	7.3866e+00	2.1013e+01	0.0000e+00	1
834.75	2.9474e+00	2.0900e+01	0.0000e+00	1
836.14	6.7661e+01	2.0870e+01	0.0000e+00	1
837.54	4.1957e+00	2.0638e+01	0.0000e+00	1
838.93	2.8874e+01	2.1410e+01	0.0000e+00	1
840.33	3.2368e+01	2.2182e+01	0.0000e+00	1
841.73	1.6574e+01	2.3084e+01	0.0000e+00	1
843.14	-7.6162e+00	2.3828e+01	0.0000e+00	1
844.54	2.3545e+01	2.2679e+01	0.0000e+00	1
845.95	5.6738e+00	2.2043e+01	0.0000e+00	1
847.36	2.9804e+01	2.2272e+01	0.0000e+00	1
848.78	-4.9994e+00	2.6806e+00	0.0000e+00	1